function data()
return {
	times = { 0, 41.667, 83.333, 125, 166.667, 208.333, 250, 291.667, 333.333, 375, 416.667, 458.333, 500, 541.667, 583.333, 625, 666.667, 708.333, 750, 791.667, 833.333, },
	transfs = {
		{ 1, 0, 0, 0, 0, 1, 0, 0, 0, 0, 1, 0, 0, 0, 0, 1, },
		{ 0.99996083974838, 0, -0.008839919231832, 0, 0, 1, 0, 0, 0.008839919231832, 0, 0.99996083974838, 0, 0, 0, 0, 1, },
		{ 0.99939304590225, 0, -0.034835528582335, 0, 0, 1, 0, 0, 0.034835528582335, 0, 0.99939304590225, 0, 0, 0, 0, 1, },
		{ 0.99701917171478, 0, -0.077154546976089, 0, 0, 1, 0, 0, 0.077154546976089, 0, 0.99701917171478, 0, 0, 0, 0, 1, },
		{ 0.99087029695511, 0, -0.13481812179089, 0, 0, 1, 0, 0, 0.13481812179089, 0, 0.99087029695511, 0, 0, 0, 0, 1, },
		{ 0.97843307256699, 0, -0.20656406879425, 0, 0, 1, 0, 0, 0.20656406879425, 0, 0.97843307256699, 0, 0, 0, 0, 1, },
		{ 0.95691519975662, 0, -0.29036730527878, 0, 0, 1, 0, 0, 0.29036730527878, 0, 0.95691519975662, 0, 0, 0, 0, 1, },
		{ 0.92399549484253, 0, -0.38240340352058, 0, 0, 1, 0, 0, 0.38240340352058, 0, 0.92399549484253, 0, 0, 0, 0, 1, },
		{ 0.87825393676758, 0, -0.47819441556931, 0, 0, 1, 0, 0, 0.47819441556931, 0, 0.87825393676758, 0, 0, 0, 0, 1, },
		{ 0.81942135095596, 0, -0.57319164276123, 0, 0, 1, 0, 0, 0.57319164276123, 0, 0.81942135095596, 0, 0, 0, 0, 1, },
		{ 0.74852013587952, 0, -0.66311198472977, 0, 0, 1, 0, 0, 0.66311198472977, 0, 0.74852013587952, 0, 0, 0, 0, 1, },
		{ 0.66777145862579, 0, -0.74436634778976, 0, 0, 1, 0, 0, 0.74436634778976, 0, 0.66777145862579, 0, 0, 0, 0, 1, },
		{ 0.5801647901535, 0, -0.81449908018112, 0, 0, 1, 0, 0, 0.81449908018112, 0, 0.5801647901535, 0, 0, 0, 0, 1, },
		{ 0.48929247260094, 0, -0.87211972475052, 0, 0, 1, 0, 0, 0.87211972475052, 0, 0.48929247260094, 0, 0, 0, 0, 1, },
		{ 0.39910903573036, 0, -0.91690349578857, 0, 0, 1, 0, 0, 0.91690349578857, 0, 0.39910903573036, 0, 0, 0, 0, 1, },
		{ 0.31363824009895, 0, -0.94954252243042, 0, 0, 1, 0, 0, 0.94954252243042, 0, 0.31363824009895, 0, 0, 0, 0, 1, },
		{ 0.23673291504383, 0, -0.9715747833252, 0, 0, 1, 0, 0, 0.9715747833252, 0, 0.23673291504383, 0, 0, 0, 0, 1, },
		{ 0.17191626131535, 0, -0.98511159420013, 0, 0, 1, 0, 0, 0.98511159420013, 0, 0.17191626131535, 0, 0, 0, 0, 1, },
		{ 0.12232569605112, 0, -0.99248999357224, 0, 0, 1, 0, 0, 0.99248999357224, 0, 0.12232569605112, 0, 0, 0, 0, 1, },
		{ 0.090742193162441, 0, -0.99587440490723, 0, 0, 1, 0, 0, 0.99587440490723, 0, 0.090742193162441, 0, 0, 0, 0, 1, },
		{ 0.079684689640999, 0, -0.99682009220123, 0, 0, 1, 0, 0, 0.99682009220123, 0, 0.079684689640999, 0, 0, 0, 0, 1, },
	},
}
end
