function data()
return {
	times = { 0, 41.667, 83.333, 125, 166.667, 208.333, 250, 291.667, 333.333, 375, 416.667, 458.333, 500, 541.667, 583.333, 625, 666.667, 708.333, 750, 791.667, 833.333, 875, 916.667, 958.333, 1000, 1041.667, },
	transfs = {
		{ 1, 0, 0, 0, 0, 1, 0, 0, 0, 0, 1, 0, 0, 0, 0, 1, },
		{ 1, 0, 0, 0, 0, 0.99992090463638, 0.012578652240336, 0, 0, -0.012578652240336, 0.99992090463638, 0, 0, 0, 0, 1, },
		{ 1, 0, 0, 0, 0, 0.99935418367386, 0.035932213068008, 0, 0, -0.035932213068008, 0.99935418367386, 0, 0, 0, 0, 1, },
		{ 1, 0, 0, 0, 0, 0.99882316589355, 0.048499919474125, 0, 0, -0.048499919474125, 0.99882316589355, 0, 0, 0, 0, 1, },
		{ 1, 0, 0, 0, 0, 0.9997056722641, 0.024257095530629, 0, 0, -0.024257095530629, 0.9997056722641, 0, 0, 0, 0, 1, },
		{ 1, 0, 0, 0, 0, 1, 0, 0, 0, 0, 1, 0, 0, 0, 0, 1, },
		{ 1, 0, 0, 0, 0, 0.99998378753662, 0.0056941066868603, 0, 0, -0.0056941066868603, 0.99998378753662, 0, 0, 0, 0, 1, },
		{ 1, 0, 0, 0, 0, 0.99975818395615, 0.021989380940795, 0, 0, -0.021989380940795, 0.99975818395615, 0, 0, 0, 0, 1, },
		{ 1, 0, 0, 0, 0, 0.99886190891266, 0.047694850713015, 0, 0, -0.047694850713015, 0.99886190891266, 0, 0, 0, 0, 1, },
		{ 1, 0, 0, 0, 0, 0.99666595458984, 0.081590600311756, 0, 0, -0.081590600311756, 0.99666595458984, 0, 0, 0, 0, 1, },
		{ 1, 0, 0, 0, 0, 0.9924795627594, 0.12241067737341, 0, 0, -0.12241067737341, 0.9924795627594, 0, 0, 0, 0, 1, },
		{ 1, 0, 0, 0, 0, 0.98564457893372, 0.16883344948292, 0, 0, -0.16883344948292, 0.98564457893372, 0, 0, 0, 0, 1, },
		{ 1, 0, 0, 0, 0, 0.97561597824097, 0.2194844186306, 0, 0, -0.2194844186306, 0.97561597824097, 0, 0, 0, 0, 1, },
		{ 1, 0, 0, 0, 0, 0.9620276093483, 0.27295196056366, 0, 0, -0.27295196056366, 0.9620276093483, 0, 0, 0, 0, 1, },
		{ 1, 0, 0, 0, 0, 0.94474172592163, 0.32781565189362, 0, 0, -0.32781565189362, 0.94474172592163, 0, 0, 0, 0, 1, },
		{ 1, 0, 0, 0, 0, 0.92387944459915, 0.38268348574638, 0, 0, -0.38268348574638, 0.92387944459915, 0, 0, 0, 0, 1, },
		{ 1, 0, 0, 0, 0, 0.89983397722244, 0.43623250722885, 0, 0, -0.43623250722885, 0.89983397722244, 0, 0, 0, 0, 1, },
		{ 1, 0, 0, 0, 0, 0.87326234579086, 0.487250238657, 0, 0, -0.487250238657, 0.87326234579086, 0, 0, 0, 0, 1, },
		{ 1, 0, 0, 0, 0, 0.84506356716156, 0.53466582298279, 0, 0, -0.53466582298279, 0.84506356716156, 0, 0, 0, 0, 1, },
		{ 1, 0, 0, 0, 0, 0.81633925437927, 0.57757270336151, 0, 0, -0.57757270336151, 0.81633925437927, 0, 0, 0, 0, 1, },
		{ 1, 0, 0, 0, 0, 0.78834640979767, 0.6152315735817, 0, 0, -0.6152315735817, 0.78834640979767, 0, 0, 0, 0, 1, },
		{ 1, 0, 0, 0, 0, 0.76244246959686, 0.6470559835434, 0, 0, -0.6470559835434, 0.76244246959686, 0, 0, 0, 0, 1, },
		{ 1, 0, 0, 0, 0, 0.74002730846405, 0.67257672548294, 0, 0, -0.67257672548294, 0.74002730846405, 0, 0, 0, 0, 1, },
		{ 1, 0, 0, 0, 0, 0.72248458862305, 0.69138705730438, 0, 0, -0.69138705730438, 0.72248458862305, 0, 0, 0, 0, 1, },
		{ 1, 0, 0, 0, 0, 0.71112161874771, 0.70306903123856, 0, 0, -0.70306903123856, 0.71112161874771, 0, 0, 0, 0, 1, },
		{ 1, 0, 0, 0, 0, 0.70710676908493, 0.70710676908493, 0, 0, -0.70710676908493, 0.70710676908493, 0, 0, 0, 0, 1, },
	},
}
end
