function data()
return {
	times = { 0, 41.667, 83.333, 125, 166.667, 208.333, 250, 291.667, 333.333, 375, 416.667, 458.333, 500, 541.667, 583.333, 625, 666.667, 708.333, 750, 791.667, 833.333, 875, 916.667, 958.333, 1000, 1041.667, },
	transfs = {
		{ 1, 0, 0, 0, 0, 1, 0, 0, 0, 0, 1, 0, 0, 0, 0, 1, },
		{ 1, 0, 0, 0, 0, 0.99997192621231, -0.0074846670031548, 0, 0, 0.0074846670031548, 0.99997192621231, 0, 0, 0, 0, 1, },
		{ 1, 0, 0, 0, 0, 0.99977135658264, -0.021383330225945, 0, 0, 0.021383330225945, 0.99977135658264, 0, 0, 0, 0, 1, },
		{ 1, 0, 0, 0, 0, 0.99958330392838, -0.028865685686469, 0, 0, 0.028865685686469, 0.99958330392838, 0, 0, 0, 0, 1, },
		{ 1, 0, 0, 0, 0, 0.99989575147629, -0.014434348791838, 0, 0, 0.014434348791838, 0.99989575147629, 0, 0, 0, 0, 1, },
		{ 1, 0, 0, 0, 0, 1, 0, 0, 0, 0, 1, 0, 0, 0, 0, 1, },
		{ 1, 0, 0, 0, 0, 0.99998658895493, -0.0051737180911005, 0, 0, 0.0051737180911005, 0.99998658895493, 0, 0, 0, 0, 1, },
		{ 1, 0, 0, 0, 0, 0.99980038404465, -0.019980018958449, 0, 0, 0.019980018958449, 0.99980038404465, 0, 0, 0, 0, 1, },
		{ 1, 0, 0, 0, 0, 0.99906045198441, -0.043338801711798, 0, 0, 0.043338801711798, 0.99906045198441, 0, 0, 0, 0, 1, },
		{ 1, 0, 0, 0, 0, 0.99724715948105, -0.074148319661617, 0, 0, 0.074148319661617, 0.99724715948105, 0, 0, 0, 0, 1, },
		{ 1, 0, 0, 0, 0, 0.99378991127014, -0.11127214878798, 0, 0, 0.11127214878798, 0.99378991127014, 0, 0, 0, 0, 1, },
		{ 1, 0, 0, 0, 0, 0.98814368247986, -0.15353211760521, 0, 0, 0.15353211760521, 0.98814368247986, 0, 0, 0, 0, 1, },
		{ 1, 0, 0, 0, 0, 0.97985500097275, -0.1997102946043, 0, 0, 0.1997102946043, 0.97985500097275, 0, 0, 0, 0, 1, },
		{ 1, 0, 0, 0, 0, 0.96861624717712, -0.24856077134609, 0, 0, 0.24856077134609, 0.96861624717712, 0, 0, 0, 0, 1, },
		{ 1, 0, 0, 0, 0, 0.9543063044548, -0.29883021116257, 0, 0, 0.29883021116257, 0.9543063044548, 0, 0, 0, 0, 1, },
		{ 1, 0, 0, 0, 0, 0.93701583147049, -0.34928667545319, 0, 0, 0.34928667545319, 0.93701583147049, 0, 0, 0, 0, 1, },
		{ 1, 0, 0, 0, 0, 0.91705989837646, -0.39874938130379, 0, 0, 0.39874938130379, 0.91705989837646, 0, 0, 0, 0, 1, },
		{ 1, 0, 0, 0, 0, 0.89497303962708, -0.44612008333206, 0, 0, 0.44612008333206, 0.89497303962708, 0, 0, 0, 0, 1, },
		{ 1, 0, 0, 0, 0, 0.87149339914322, -0.49040722846985, 0, 0, 0.49040722846985, 0.87149339914322, 0, 0, 0, 0, 1, },
		{ 1, 0, 0, 0, 0, 0.84753251075745, -0.5307434797287, 0, 0, 0.5307434797287, 0.84753251075745, 0, 0, 0, 0, 1, },
		{ 1, 0, 0, 0, 0, 0.82413870096207, -0.5663880109787, 0, 0, 0.5663880109787, 0.82413870096207, 0, 0, 0, 0, 1, },
		{ 1, 0, 0, 0, 0, 0.8024520277977, -0.59671664237976, 0, 0, 0.59671664237976, 0.8024520277977, 0, 0, 0, 0, 1, },
		{ 1, 0, 0, 0, 0, 0.78365576267242, -0.62119525671005, 0, 0, 0.62119525671005, 0.78365576267242, 0, 0, 0, 0, 1, },
		{ 1, 0, 0, 0, 0, 0.76892513036728, -0.63933879137039, 0, 0, 0.63933879137039, 0.76892513036728, 0, 0, 0, 0, 1, },
		{ 1, 0, 0, 0, 0, 0.75937408208847, -0.6506541967392, 0, 0, 0.6506541967392, 0.75937408208847, 0, 0, 0, 0, 1, },
		{ 1, 0, 0, 0, 0, 0.75599765777588, -0.65457427501678, 0, 0, 0.65457427501678, 0.75599765777588, 0, 0, 0, 0, 1, },
	},
}
end
