function data()
return {
	times = { 0, 41.667, 83.333, 125, 166.667, 208.333, 250, 291.667, 333.333, 375, 416.667, 458.333, 500, 541.667, 583.333, 625, 666.667, 708.333, 750, 791.667, 833.333, 875, 916.667, 958.333, 1000, 1041.667, },
	transfs = {
		{ 1, 0, 0, 0, 0, 1, 0, 0, 0, 0, 1, 0, 0, 0, 0, 1, },
		{ 1, 0, 0, 0, 0, 0.99998378753662, 0.0056941066868603, 0, 0, -0.0056941066868603, 0.99998378753662, 0, 0, 0, 0, 1, },
		{ 1, 0, 0, 0, 0, 0.99975818395615, 0.021989377215505, 0, 0, -0.021989377215505, 0.99975818395615, 0, 0, 0, 0, 1, },
		{ 1, 0, 0, 0, 0, 0.99886190891266, 0.047694839537144, 0, 0, -0.047694839537144, 0.99886190891266, 0, 0, 0, 0, 1, },
		{ 1, 0, 0, 0, 0, 0.99666595458984, 0.081590592861176, 0, 0, -0.081590592861176, 0.99666595458984, 0, 0, 0, 0, 1, },
		{ 1, 0, 0, 0, 0, 0.9924795627594, 0.12241065502167, 0, 0, -0.12241065502167, 0.9924795627594, 0, 0, 0, 0, 1, },
		{ 1, 0, 0, 0, 0, 0.98564457893372, 0.1688334196806, 0, 0, -0.1688334196806, 0.98564457893372, 0, 0, 0, 0, 1, },
		{ 1, 0, 0, 0, 0, 0.97561597824097, 0.2194844186306, 0, 0, -0.2194844186306, 0.97561597824097, 0, 0, 0, 0, 1, },
		{ 1, 0, 0, 0, 0, 0.9620276093483, 0.27295196056366, 0, 0, -0.27295196056366, 0.9620276093483, 0, 0, 0, 0, 1, },
		{ 1, 0, 0, 0, 0, 0.94474172592163, 0.32781565189362, 0, 0, -0.32781565189362, 0.94474172592163, 0, 0, 0, 0, 1, },
		{ 1, 0, 0, 0, 0, 0.92387956380844, 0.38268336653709, 0, 0, -0.38268336653709, 0.92387956380844, 0, 0, 0, 0, 1, },
		{ 1, 0, 0, 0, 0, 0.89983397722244, 0.43623250722885, 0, 0, -0.43623250722885, 0.89983397722244, 0, 0, 0, 0, 1, },
		{ 1, 0, 0, 0, 0, 0.87326240539551, 0.48725008964539, 0, 0, -0.48725008964539, 0.87326240539551, 0, 0, 0, 0, 1, },
		{ 1, 0, 0, 0, 0, 0.84506356716156, 0.53466582298279, 0, 0, -0.53466582298279, 0.84506356716156, 0, 0, 0, 0, 1, },
		{ 1, 0, 0, 0, 0, 0.81633925437927, 0.57757270336151, 0, 0, -0.57757270336151, 0.81633925437927, 0, 0, 0, 0, 1, },
		{ 1, 0, 0, 0, 0, 0.78834640979767, 0.6152315735817, 0, 0, -0.6152315735817, 0.78834640979767, 0, 0, 0, 0, 1, },
		{ 1, 0, 0, 0, 0, 0.76244246959686, 0.64705592393875, 0, 0, -0.64705592393875, 0.76244246959686, 0, 0, 0, 0, 1, },
		{ 1, 0, 0, 0, 0, 0.74002730846405, 0.67257672548294, 0, 0, -0.67257672548294, 0.74002730846405, 0, 0, 0, 0, 1, },
		{ 1, 0, 0, 0, 0, 0.72248458862305, 0.69138705730438, 0, 0, -0.69138705730438, 0.72248458862305, 0, 0, 0, 0, 1, },
		{ 1, 0, 0, 0, 0, 0.71112161874771, 0.70306897163391, 0, 0, -0.70306897163391, 0.71112161874771, 0, 0, 0, 0, 1, },
		{ 1, 0, 0, 0, 0, 0.70710676908493, 0.70710676908493, 0, 0, -0.70710676908493, 0.70710676908493, 0, 0, 0, 0, 1, },
		{ 1, 0, 0, 0, 0, 0.72028434276581, 0.693678855896, 0, 0, -0.693678855896, 0.72028434276581, 0, 0, 0, 0, 1, },
		{ 1, 0, 0, 0, 0, 0.74407738447189, 0.66809344291687, 0, 0, -0.66809344291687, 0.74407738447189, 0, 0, 0, 0, 1, },
		{ 1, 0, 0, 0, 0, 0.75651448965073, 0.65397691726685, 0, 0, -0.65397691726685, 0.75651448965073, 0, 0, 0, 0, 1, },
		{ 1, 0, 0, 0, 0, 0.73229253292084, 0.68099021911621, 0, 0, -0.68099021911621, 0.73229253292084, 0, 0, 0, 0, 1, },
		{ 1, 0, 0, 0, 0, 0.70710676908493, 0.70710676908493, 0, 0, -0.70710676908493, 0.70710676908493, 0, 0, 0, 0, 1, },
	},
}
end
