function data()
return {
	times = { 0, 41.667, 83.333, 125, 166.667, 208.333, 250, 291.667, 333.333, 375, 416.667, 458.333, 500, 541.667, 583.333, 625, 666.667, 708.333, 750, 791.667, 833.333, 875, 916.667, 958.333, 1000, 1041.667, },
	transfs = {
		{ 1, 0, 0, 0, 0, 1, 0, 0, 0, 0, 1, 0, 0, 0, 0, 1, },
		{ 1, 0, 0, 0, 0, 0.99999988079071, -0.00038224019226618, 0, 0, 0.00038224019226618, 0.99999988079071, 0, 0, 0, 0, 1, },
		{ 1, 0, 0, 0, 0, 0.99999850988388, -0.0017392720328644, 0, 0, 0.0017392720328644, 0.99999850988388, 0, 0, 0, 0, 1, },
		{ 1, 0, 0, 0, 0, 0.99999040365219, -0.0043865526095033, 0, 0, 0.0043865526095033, 0.99999040365219, 0, 0, 0, 0, 1, },
		{ 1, 0, 0, 0, 0, 0.99996262788773, -0.0086394837126136, 0, 0, 0.0086394837126136, 0.99996262788773, 0, 0, 0, 0, 1, },
		{ 1, 0, 0, 0, 0, 0.99989026784897, -0.014813270419836, 0, 0, 0.014813270419836, 0.99989026784897, 0, 0, 0, 0, 1, },
		{ 1, 0, 0, 0, 0, 0.99973034858704, -0.023222608491778, 0, 0, 0.023222608491778, 0.99973034858704, 0, 0, 0, 0, 1, },
		{ 1, 0, 0, 0, 0, 0.99941557645798, -0.034181073307991, 0, 0, 0.034181073307991, 0.99941557645798, 0, 0, 0, 0, 1, },
		{ 1, 0, 0, 0, 0, 0.99884736537933, -0.047999892383814, 0, 0, 0.047999892383814, 0.99884736537933, 0, 0, 0, 0, 1, },
		{ 1, 0, 0, 0, 0, 0.99788618087769, -0.064986206591129, 0, 0, 0.064986206591129, 0.99788618087769, 0, 0, 0, 0, 1, },
		{ 1, 0, 0, 0, 0, 0.99634331464767, -0.085439957678318, 0, 0, 0.085439957678318, 0.99634331464767, 0, 0, 0, 0, 1, },
		{ 1, 0, 0, 0, 0, 0.99397033452988, -0.1096495911479, 0, 0, 0.1096495911479, 0.99397033452988, 0, 0, 0, 0, 1, },
		{ 1, 0, 0, 0, 0, 0.9904979467392, -0.13752715289593, 0, 0, 0.13752715289593, 0.9904979467392, 0, 0, 0, 0, 1, },
		{ 1, 0, 0, 0, 0, 0.98586547374725, -0.16753846406937, 0, 0, 0.16753846406937, 0.98586547374725, 0, 0, 0, 0, 1, },
		{ 1, 0, 0, 0, 0, 0.98024123907089, -0.19780564308167, 0, 0, 0.19780564308167, 0.98024123907089, 0, 0, 0, 0, 1, },
		{ 1, 0, 0, 0, 0, 0.97401440143585, -0.22648607194424, 0, 0, 0.22648607194424, 0.97401440143585, 0, 0, 0, 0, 1, },
		{ 1, 0, 0, 0, 0, 0.96778273582458, -0.25178661942482, 0, 0, 0.25178661942482, 0.96778273582458, 0, 0, 0, 0, 1, },
		{ 1, 0, 0, 0, 0, 0.96230685710907, -0.27196601033211, 0, 0, 0.27196601033211, 0.96230685710907, 0, 0, 0, 0, 1, },
		{ 1, 0, 0, 0, 0, 0.95843178033829, -0.28532156348228, 0, 0, 0.28532156348228, 0.95843178033829, 0, 0, 0, 0, 1, },
		{ 1, 0, 0, 0, 0, 0.95697939395905, -0.29015588760376, 0, 0, 0.29015588760376, 0.95697939395905, 0, 0, 0, 0, 1, },
		{ 1, 0, 0, 0, 0, 0.95862066745758, -0.28468656539917, 0, 0, 0.28468656539917, 0.95862066745758, 0, 0, 0, 0, 1, },
		{ 1, 0, 0, 0, 0, 0.96158570051193, -0.27450487017632, 0, 0, 0.27450487017632, 0.96158570051193, 0, 0, 0, 0, 1, },
		{ 1, 0, 0, 0, 0, 0.96313750743866, -0.26900953054428, 0, 0, 0.26900953054428, 0.96313750743866, 0, 0, 0, 0, 1, },
		{ 1, 0, 0, 0, 0, 0.96131533384323, -0.27544993162155, 0, 0, 0.27544993162155, 0.96131533384323, 0, 0, 0, 0, 1, },
		{ 1, 0, 0, 0, 0, 0.95781737565994, -0.28737762570381, 0, 0, 0.28737762570381, 0.95781737565994, 0, 0, 0, 0, 1, },
		{ 1, 0, 0, 0, 0, 0.95587241649628, -0.29378205537796, 0, 0, 0.29378205537796, 0.95587241649628, 0, 0, 0, 0, 1, },
	},
}
end
