function data()
return {
	times = { 0, 41.667, 83.333, 125, 166.667, 208.333, 250, 291.667, 333.333, 375, 416.667, 458.333, 500, 541.667, 583.333, 625, 666.667, 708.333, 750, 791.667, 833.333, 875, 916.667, 958.333, 1000, 1041.667, },
	transfs = {
		{ 1, 0, 0, 0, 0, 1, 0, 0, 0, 0, 1, 0, 0, 0, 0, 1, },
		{ 1, 0, 0, 0, 0, 0.99990677833557, 0.01365322060883, 0, 0, -0.01365322060883, 0.99990677833557, 0, 0, 0, 0, 1, },
		{ 1, 0, 0, 0, 0, 0.99923920631409, 0.039000518620014, 0, 0, -0.039000518620014, 0.99923920631409, 0, 0, 0, 0, 1, },
		{ 1, 0, 0, 0, 0, 0.99861359596252, 0.052639707922935, 0, 0, -0.052639707922935, 0.99861359596252, 0, 0, 0, 0, 1, },
		{ 1, 0, 0, 0, 0, 0.99903208017349, 0.043986909091473, 0, 0, -0.043986909091473, 0.99903208017349, 0, 0, 0, 0, 1, },
		{ 1, 0, 0, 0, 0, 0.99961048364639, 0.027909161522985, 0, 0, -0.027909161522985, 0.99961048364639, 0, 0, 0, 0, 1, },
		{ 1, 0, 0, 0, 0, 0.99981474876404, 0.019248658791184, 0, 0, -0.019248658791184, 0.99981474876404, 0, 0, 0, 0, 1, },
		{ 1, 0, 0, 0, 0, 0.99960082769394, 0.02825272642076, 0, 0, -0.02825272642076, 0.99960082769394, 0, 0, 0, 0, 1, },
		{ 1, 0, 0, 0, 0, 0.9986407160759, 0.052121974527836, 0, 0, -0.052121974527836, 0.9986407160759, 0, 0, 0, 0, 1, },
		{ 1, 0, 0, 0, 0, 0.99628520011902, 0.086114153265953, 0, 0, -0.086114153265953, 0.99628520011902, 0, 0, 0, 0, 1, },
		{ 1, 0, 0, 0, 0, 0.99209928512573, 0.1254547983408, 0, 0, -0.1254547983408, 0.99209928512573, 0, 0, 0, 0, 1, },
		{ 1, 0, 0, 0, 0, 0.98611527681351, 0.1660620868206, 0, 0, -0.1660620868206, 0.98611527681351, 0, 0, 0, 0, 1, },
		{ 1, 0, 0, 0, 0, 0.97842133045197, 0.20661975443363, 0, 0, -0.20661975443363, 0.97842133045197, 0, 0, 0, 0, 1, },
		{ 1, 0, 0, 0, 0, 0.96913969516754, 0.24651223421097, 0, 0, -0.24651223421097, 0.96913969516754, 0, 0, 0, 0, 1, },
		{ 1, 0, 0, 0, 0, 0.95848393440247, 0.28514632582664, 0, 0, -0.28514632582664, 0.95848393440247, 0, 0, 0, 0, 1, },
		{ 1, 0, 0, 0, 0, 0.9467533826828, 0.32195943593979, 0, 0, -0.32195943593979, 0.9467533826828, 0, 0, 0, 0, 1, },
		{ 1, 0, 0, 0, 0, 0.93431359529495, 0.35645198822021, 0, 0, -0.35645198822021, 0.93431359529495, 0, 0, 0, 0, 1, },
		{ 1, 0, 0, 0, 0, 0.92154693603516, 0.38826695084572, 0, 0, -0.38826695084572, 0.92154693603516, 0, 0, 0, 0, 1, },
		{ 1, 0, 0, 0, 0, 0.90885823965073, 0.41710504889488, 0, 0, -0.41710504889488, 0.90885823965073, 0, 0, 0, 0, 1, },
		{ 1, 0, 0, 0, 0, 0.89667224884033, 0.44269487261772, 0, 0, -0.44269487261772, 0.89667224884033, 0, 0, 0, 0, 1, },
		{ 1, 0, 0, 0, 0, 0.88542240858078, 0.46478718519211, 0, 0, -0.46478718519211, 0.88542240858078, 0, 0, 0, 0, 1, },
		{ 1, 0, 0, 0, 0, 0.87552785873413, 0.48316749930382, 0, 0, -0.48316749930382, 0.87552785873413, 0, 0, 0, 0, 1, },
		{ 1, 0, 0, 0, 0, 0.86734741926193, 0.49770307540894, 0, 0, -0.49770307540894, 0.86734741926193, 0, 0, 0, 0, 1, },
		{ 1, 0, 0, 0, 0, 0.86119592189789, 0.50827306509018, 0, 0, -0.50827306509018, 0.86119592189789, 0, 0, 0, 0, 1, },
		{ 1, 0, 0, 0, 0, 0.85734695196152, 0.51473891735077, 0, 0, -0.51473891735077, 0.85734695196152, 0, 0, 0, 0, 1, },
		{ 1, 0, 0, 0, 0, 0.8560237288475, 0.51693642139435, 0, 0, -0.51693642139435, 0.8560237288475, 0, 0, 0, 0, 1, },
	},
}
end
