function data()
return {
	times = { 0, 41.667, 83.333, 125, 166.667, 208.333, 250, 291.667, 333.333, 375, 416.667, 458.333, 500, 541.667, 583.333, 625, 666.667, 708.333, 750, 791.667, 833.333, 875, 916.667, 958.333, 1000, 1041.667, },
	transfs = {
		{ 1, 0, 0, 0, 0, 1, 0, 0, 0, 0, 1, 0, 0, 0, 0, 1, },
		{ 1, 0, 0, 0, 0, 0.99999177455902, -0.0040523200295866, 0, 0, 0.0040523200295866, 0.99999177455902, 0, 0, 0, 0, 1, },
		{ 1, 0, 0, 0, 0, 0.99993300437927, -0.011577826924622, 0, 0, 0.011577826924622, 0.99993300437927, 0, 0, 0, 0, 1, },
		{ 1, 0, 0, 0, 0, 0.99987787008286, -0.015629775822163, 0, 0, 0.015629775822163, 0.99987787008286, 0, 0, 0, 0, 1, },
		{ 1, 0, 0, 0, 0, 0.99997109174728, -0.0076047368347645, 0, 0, 0.0076047368347645, 0.99997109174728, 0, 0, 0, 0, 1, },
		{ 1, 0, 0, 0, 0, 0.99999988079071, 0.00042079572449438, 0, 0, -0.00042079572449438, 0.99999988079071, 0, 0, 0, 0, 1, },
		{ 1, 0, 0, 0, 0, 0.99999403953552, -0.0034543776419014, 0, 0, 0.0034543776419014, 0.99999403953552, 0, 0, 0, 0, 1, },
		{ 1, 0, 0, 0, 0, 0.99990141391754, -0.014038772322237, 0, 0, 0.014038772322237, 0.99990141391754, 0, 0, 0, 0, 1, },
		{ 1, 0, 0, 0, 0, 0.99955683946609, -0.02976830676198, 0, 0, 0.02976830676198, 0.99955683946609, 0, 0, 0, 0, 1, },
		{ 1, 0, 0, 0, 0, 0.99879515171051, -0.049074057489634, 0, 0, 0.049074057489634, 0.99879515171051, 0, 0, 0, 0, 1, },
		{ 1, 0, 0, 0, 0, 0.99752002954483, -0.07038314640522, 0, 0, 0.07038314640522, 0.99752002954483, 0, 0, 0, 0, 1, },
		{ 1, 0, 0, 0, 0, 0.99572211503983, -0.092397749423981, 0, 0, 0.092397749423981, 0.99572211503983, 0, 0, 0, 0, 1, },
		{ 1, 0, 0, 0, 0, 0.99337482452393, -0.11491928249598, 0, 0, 0.11491928249598, 0.99337482452393, 0, 0, 0, 0, 1, },
		{ 1, 0, 0, 0, 0, 0.99042922258377, -0.13802166283131, 0, 0, 0.13802166283131, 0.99042922258377, 0, 0, 0, 0, 1, },
		{ 1, 0, 0, 0, 0, 0.98682755231857, -0.1617756485939, 0, 0, 0.1617756485939, 0.98682755231857, 0, 0, 0, 0, 1, },
		{ 1, 0, 0, 0, 0, 0.98250275850296, -0.18624818325043, 0, 0, 0.18624818325043, 0.98250275850296, 0, 0, 0, 0, 1, },
		{ 1, 0, 0, 0, 0, 0.97740006446838, -0.21139806509018, 0, 0, 0.21139806509018, 0.97740006446838, 0, 0, 0, 0, 1, },
		{ 1, 0, 0, 0, 0, 0.97156566381454, -0.23677027225494, 0, 0, 0.23677027225494, 0.97156566381454, 0, 0, 0, 0, 1, },
		{ 1, 0, 0, 0, 0, 0.96511793136597, -0.26181557774544, 0, 0, 0.26181557774544, 0.96511793136597, 0, 0, 0, 0, 1, },
		{ 1, 0, 0, 0, 0, 0.95822989940643, -0.2859990298748, 0, 0, 0.2859990298748, 0.95822989940643, 0, 0, 0, 0, 1, },
		{ 1, 0, 0, 0, 0, 0.9511262178421, -0.3088022172451, 0, 0, 0.3088022172451, 0.9511262178421, 0, 0, 0, 0, 1, },
		{ 1, 0, 0, 0, 0, 0.94410878419876, -0.32963389158249, 0, 0, 0.32963389158249, 0.94410878419876, 0, 0, 0, 0, 1, },
		{ 1, 0, 0, 0, 0, 0.93765735626221, -0.34756109118462, 0, 0, 0.34756109118462, 0.93765735626221, 0, 0, 0, 0, 1, },
		{ 1, 0, 0, 0, 0, 0.93233847618103, -0.36158674955368, 0, 0, 0.36158674955368, 0.93233847618103, 0, 0, 0, 0, 1, },
		{ 1, 0, 0, 0, 0, 0.92874133586884, -0.37072837352753, 0, 0, 0.37072837352753, 0.92874133586884, 0, 0, 0, 0, 1, },
		{ 1, 0, 0, 0, 0, 0.92742890119553, -0.37399929761887, 0, 0, 0.37399929761887, 0.92742890119553, 0, 0, 0, 0, 1, },
	},
}
end
