function data()
return {
	times = { 0, 41.667, 83.333, 125, 166.667, 208.333, 250, 291.667, 333.333, 375, 416.667, 458.333, 500, 541.667, 583.333, 625, 666.667, 708.333, 750, 791.667, 833.333, 875, 916.667, 958.333, 1000, 1041.667, },
	transfs = {
		{ 1, 0, 0, 0, 0, 1, 0, 0, 0, 0, 1, 0, 0, 0, 0, 1, },
		{ 1, 0, 0, 0, 0, 0.99998384714127, 0.0056697526015341, 0, 0, -0.0056697526015341, 0.99998384714127, 0, 0, 0, 0, 1, },
		{ 1, 0, 0, 0, 0, 0.99977093935013, 0.021401075646281, 0, 0, -0.021401075646281, 0.99977093935013, 0, 0, 0, 0, 1, },
		{ 1, 0, 0, 0, 0, 0.99897485971451, 0.045268677175045, 0, 0, -0.045268677175045, 0.99897485971451, 0, 0, 0, 0, 1, },
		{ 1, 0, 0, 0, 0, 0.99715876579285, 0.075328044593334, 0, 0, -0.075328044593334, 0.99715876579285, 0, 0, 0, 0, 1, },
		{ 1, 0, 0, 0, 0, 0.99397432804108, 0.10961331427097, 0, 0, -0.10961331427097, 0.99397432804108, 0, 0, 0, 0, 1, },
		{ 1, 0, 0, 0, 0, 0.98923277854919, 0.14635071158409, 0, 0, -0.14635071158409, 0.98923277854919, 0, 0, 0, 0, 1, },
		{ 1, 0, 0, 0, 0, 0.98281782865524, 0.18457823991776, 0, 0, -0.18457823991776, 0.98281782865524, 0, 0, 0, 0, 1, },
		{ 1, 0, 0, 0, 0, 0.97469508647919, 0.22353836894035, 0, 0, -0.22353836894035, 0.97469508647919, 0, 0, 0, 0, 1, },
		{ 1, 0, 0, 0, 0, 0.96493643522263, 0.2624836564064, 0, 0, -0.2624836564064, 0.96493643522263, 0, 0, 0, 0, 1, },
		{ 1, 0, 0, 0, 0, 0.95372235774994, 0.30068862438202, 0, 0, -0.30068862438202, 0.95372235774994, 0, 0, 0, 0, 1, },
		{ 1, 0, 0, 0, 0, 0.94133645296097, 0.33746948838234, 0, 0, -0.33746948838234, 0.94133645296097, 0, 0, 0, 0, 1, },
		{ 1, 0, 0, 0, 0, 0.9281439781189, 0.37222126126289, 0, 0, -0.37222126126289, 0.9281439781189, 0, 0, 0, 0, 1, },
		{ 1, 0, 0, 0, 0, 0.91458576917648, 0.40439191460609, 0, 0, -0.40439191460609, 0.91458576917648, 0, 0, 0, 0, 1, },
		{ 1, 0, 0, 0, 0, 0.90116626024246, 0.43347346782684, 0, 0, -0.43347346782684, 0.90116626024246, 0, 0, 0, 0, 1, },
		{ 1, 0, 0, 0, 0, 0.88843667507172, 0.4589991569519, 0, 0, -0.4589991569519, 0.88843667507172, 0, 0, 0, 0, 1, },
		{ 1, 0, 0, 0, 0, 0.87697476148605, 0.48053643107414, 0, 0, -0.48053643107414, 0.87697476148605, 0, 0, 0, 0, 1, },
		{ 1, 0, 0, 0, 0, 0.86736398935318, 0.49767428636551, 0, 0, -0.49767428636551, 0.86736398935318, 0, 0, 0, 0, 1, },
		{ 1, 0, 0, 0, 0, 0.86013513803482, 0.51006615161896, 0, 0, -0.51006615161896, 0.86013513803482, 0, 0, 0, 0, 1, },
		{ 1, 0, 0, 0, 0, 0.85563230514526, 0.51758414506912, 0, 0, -0.51758414506912, 0.85563230514526, 0, 0, 0, 0, 1, },
		{ 1, 0, 0, 0, 0, 0.85409218072891, 0.5201216340065, 0, 0, -0.5201216340065, 0.85409218072891, 0, 0, 0, 0, 1, },
		{ 1, 0, 0, 0, 0, 0.86137849092484, 0.5079637169838, 0, 0, -0.5079637169838, 0.86137849092484, 0, 0, 0, 0, 1, },
		{ 1, 0, 0, 0, 0, 0.86849170923233, 0.49570369720459, 0, 0, -0.49570369720459, 0.86849170923233, 0, 0, 0, 0, 1, },
		{ 1, 0, 0, 0, 0, 0.86527752876282, 0.50129300355911, 0, 0, -0.50129300355911, 0.86527752876282, 0, 0, 0, 0, 1, },
		{ 1, 0, 0, 0, 0, 0.85921323299408, 0.51161748170853, 0, 0, -0.51161748170853, 0.85921323299408, 0, 0, 0, 0, 1, },
		{ 1, 0, 0, 0, 0, 0.85589689016342, 0.51714652776718, 0, 0, -0.51714652776718, 0.85589689016342, 0, 0, 0, 0, 1, },
	},
}
end
