function data()
return {
	times = { 0, 41.667, 83.333, 125, 166.667, 208.333, 250, 291.667, 333.333, 375, 416.667, 458.333, 500, 541.667, 583.333, 625, 666.667, 708.333, 750, 791.667, 833.333, 875, 916.667, 958.333, 1000, 1041.667, },
	transfs = {
		{ 1, 0, 0, 0, 0, 1, 0, 0, 0, 0, 1, 0, 0, 0, 0, 1, },
		{ 0.99999958276749, 0, 0.00085618929006159, 0, 0, 1, 0, 0, -0.00085618929006159, 0, 0.99999958276749, 0, 0, 0, 0, 1, },
		{ 0.99999439716339, 0, 0.0033554122783244, 0, 0, 1, 0, 0, -0.0033554122783244, 0, 0.99999439716339, 0, 0, 0, 0, 1, },
		{ 0.9999725818634, 0, 0.0073936134576797, 0, 0, 1, 0, 0, -0.0073936134576797, 0, 0.9999725818634, 0, 0, 0, 0, 1, },
		{ 0.99991720914841, 0, 0.012866609729826, 0, 0, 1, 0, 0, -0.012866609729826, 0, 0.99991720914841, 0, 0, 0, 0, 1, },
		{ 0.99980652332306, 0, 0.019670002162457, 0, 0, 1, 0, 0, -0.019670002162457, 0, 0.99980652332306, 0, 0, 0, 0, 1, },
		{ 0.99961757659912, 0, 0.027653694152832, 0, 0, 1, 0, 0, -0.027653694152832, 0, 0.99961757659912, 0, 0, 0, 0, 1, },
		{ 0.99933415651321, 0, 0.036485951393843, 0, 0, 1, 0, 0, -0.036485951393843, 0, 0.99933415651321, 0, 0, 0, 0, 1, },
		{ 0.9989510178566, 0, 0.045789610594511, 0, 0, 1, 0, 0, -0.045789610594511, 0, 0.9989510178566, 0, 0, 0, 0, 1, },
		{ 0.99847596883774, 0, 0.055187724530697, 0, 0, 1, 0, 0, -0.055187724530697, 0, 0.99847596883774, 0, 0, 0, 0, 1, },
		{ 0.99793028831482, 0, 0.064304001629353, 0, 0, 1, 0, 0, -0.064304001629353, 0, 0.99793028831482, 0, 0, 0, 0, 1, },
		{ 0.99734514951706, 0, 0.072819635272026, 0, 0, 1, 0, 0, -0.072819635272026, 0, 0.99734514951706, 0, 0, 0, 0, 1, },
		{ 0.99674296379089, 0, 0.080643281340599, 0, 0, 1, 0, 0, -0.080643281340599, 0, 0.99674296379089, 0, 0, 0, 0, 1, },
		{ 0.99614328145981, 0, 0.087740495800972, 0, 0, 1, 0, 0, -0.087740495800972, 0, 0.99614328145981, 0, 0, 0, 0, 1, },
		{ 0.99556493759155, 0, 0.094077110290527, 0, 0, 1, 0, 0, -0.094077110290527, 0, 0.99556493759155, 0, 0, 0, 0, 1, },
		{ 0.99502557516098, 0, 0.099619060754776, 0, 0, 1, 0, 0, -0.099619060754776, 0, 0.99502557516098, 0, 0, 0, 0, 1, },
		{ 0.99454325437546, 0, 0.10432481020689, 0, 0, 1, 0, 0, -0.10432481020689, 0, 0.99454325437546, 0, 0, 0, 0, 1, },
		{ 0.99413746595383, 0, 0.10812282562256, 0, 0, 1, 0, 0, -0.10812282562256, 0, 0.99413746595383, 0, 0, 0, 0, 1, },
		{ 0.99382770061493, 0, 0.11093396693468, 0, 0, 1, 0, 0, -0.11093396693468, 0, 0.99382770061493, 0, 0, 0, 0, 1, },
		{ 0.99363142251968, 0, 0.11267899721861, 0, 0, 1, 0, 0, -0.11267899721861, 0, 0.99363142251968, 0, 0, 0, 0, 1, },
		{ 0.99356323480606, 0, 0.11327840387821, 0, 0, 1, 0, 0, -0.11327840387821, 0, 0.99356323480606, 0, 0, 0, 0, 1, },
		{ 0.99357998371124, 0, 0.1131314560771, 0, 0, 1, 0, 0, -0.1131314560771, 0, 0.99357998371124, 0, 0, 0, 0, 1, },
		{ 0.9936198592186, 0, 0.11278097331524, 0, 0, 1, 0, 0, -0.11278097331524, 0, 0.9936198592186, 0, 0, 0, 0, 1, },
		{ 0.99366724491119, 0, 0.11236266791821, 0, 0, 1, 0, 0, -0.11236266791821, 0, 0.99366724491119, 0, 0, 0, 0, 1, },
		{ 0.99370682239532, 0, 0.11201215535402, 0, 0, 1, 0, 0, -0.11201215535402, 0, 0.99370682239532, 0, 0, 0, 0, 1, },
		{ 0.99372333288193, 0, 0.11186518520117, 0, 0, 1, 0, 0, -0.11186518520117, 0, 0.99372333288193, 0, 0, 0, 0, 1, },
	},
}
end
