function data()
return {
	times = { 0, 41.667, 83.333, 125, 166.667, 208.333, 250, 291.667, 333.333, 375, 416.667, 458.333, 500, 541.667, 583.333, 625, 666.667, 708.333, 750, 791.667, 833.333, },
	transfs = {
		{ 1, 0, 0, 0, 0, 1, 0, 0, 0, 0, 1, 0, 0, 0, 0, 1, },
		{ 0.99997103214264, 0, -0.0076110735535622, 0, 0, 1, 0, 0, 0.0076110735535622, 0, 0.99997103214264, 0, 0, 0, 0, 1, },
		{ 0.9995344877243, 0, -0.030506728217006, 0, 0, 1, 0, 0, 0.030506728217006, 0, 0.9995344877243, 0, 0, 0, 0, 1, },
		{ 0.99763405323029, 0, -0.068746984004974, 0, 0, 1, 0, 0, 0.068746984004974, 0, 0.99763405323029, 0, 0, 0, 0, 1, },
		{ 0.99249631166458, 0, -0.12227408587933, 0, 0, 1, 0, 0, 0.12227408587933, 0, 0.99249631166458, 0, 0, 0, 0, 1, },
		{ 0.98163402080536, 0, -0.1907739341259, 0, 0, 1, 0, 0, 0.1907739341259, 0, 0.98163402080536, 0, 0, 0, 0, 1, },
		{ 0.9620413184166, 0, -0.27290362119675, 0, 0, 1, 0, 0, 0.27290362119675, 0, 0.9620413184166, 0, 0, 0, 0, 1, },
		{ 0.93121808767319, 0, -0.36446234583855, 0, 0, 1, 0, 0, 0.36446234583855, 0, 0.93121808767319, 0, 0, 0, 0, 1, },
		{ 0.88774049282074, 0, -0.46034407615662, 0, 0, 1, 0, 0, 0.46034407615662, 0, 0.88774049282074, 0, 0, 0, 0, 1, },
		{ 0.83155882358551, 0, -0.55543661117554, 0, 0, 1, 0, 0, 0.55543661117554, 0, 0.83155882358551, 0, 0, 0, 0, 1, },
		{ 0.76415473222733, 0, -0.64503300189972, 0, 0, 1, 0, 0, 0.64503300189972, 0, 0.76415473222733, 0, 0, 0, 0, 1, },
		{ 0.68833667039871, 0, -0.72539138793945, 0, 0, 1, 0, 0, 0.72539138793945, 0, 0.68833667039871, 0, 0, 0, 0, 1, },
		{ 0.60746103525162, 0, -0.79434949159622, 0, 0, 1, 0, 0, 0.79434949159622, 0, 0.60746103525162, 0, 0, 0, 0, 1, },
		{ 0.52533066272736, 0, -0.85089814662933, 0, 0, 1, 0, 0, 0.85089814662933, 0, 0.52533066272736, 0, 0, 0, 0, 1, },
		{ 0.44600361585617, 0, -0.89503115415573, 0, 0, 1, 0, 0, 0.89503115415573, 0, 0.44600361585617, 0, 0, 0, 0, 1, },
		{ 0.3735269010067, 0, -0.92761933803558, 0, 0, 1, 0, 0, 0.92761933803558, 0, 0.3735269010067, 0, 0, 0, 0, 1, },
		{ 0.31141394376755, 0, -0.95027434825897, 0, 0, 1, 0, 0, 0.95027434825897, 0, 0.31141394376755, 0, 0, 0, 0, 1, },
		{ 0.26153475046158, 0, -0.96519404649734, 0, 0, 1, 0, 0, 0.96519404649734, 0, 0.26153475046158, 0, 0, 0, 0, 1, },
		{ 0.22502408921719, 0, -0.97435319423676, 0, 0, 1, 0, 0, 0.97435319423676, 0, 0.22502408921719, 0, 0, 0, 0, 1, },
		{ 0.20269909501076, 0, -0.97924107313156, 0, 0, 1, 0, 0, 0.97924107313156, 0, 0.20269909501076, 0, 0, 0, 0, 1, },
		{ 0.19515366852283, 0, -0.98077261447906, 0, 0, 1, 0, 0, 0.98077261447906, 0, 0.19515366852283, 0, 0, 0, 0, 1, },
	},
}
end
