function data()
return {
	times = { 0, 41.667, 83.333, 125, 166.667, 208.333, 250, 291.667, 333.333, 375, 416.667, 458.333, 500, 541.667, 583.333, 625, 666.667, 708.333, 750, 791.667, 833.333, 875, 916.667, 958.333, 1000, 1041.667, },
	transfs = {
		{ 1, 0, 0, 0, 0, 1, 0, 0, 0, 0, 1, 0, 0, 0, 0, 1, },
		{ 1, 0, 0, 0, 0, 0.99999326467514, 0.0036693720612675, 0, 0, -0.0036693720612675, 0.99999326467514, 0, 0, 0, 0, 1, },
		{ 1, 0, 0, 0, 0, 0.99989807605743, 0.014274913817644, 0, 0, -0.014274913817644, 0.99989807605743, 0, 0, 0, 0, 1, },
		{ 1, 0, 0, 0, 0, 0.99951279163361, 0.031209798529744, 0, 0, -0.031209798529744, 0.99951279163361, 0, 0, 0, 0, 1, },
		{ 1, 0, 0, 0, 0, 0.99854850769043, 0.053858529776335, 0, 0, -0.053858529776335, 0.99854850769043, 0, 0, 0, 0, 1, },
		{ 1, 0, 0, 0, 0, 0.99666595458984, 0.081590592861176, 0, 0, -0.081590592861176, 0.99666595458984, 0, 0, 0, 0, 1, },
		{ 1, 0, 0, 0, 0, 0.99350875616074, 0.11375534534454, 0, 0, -0.11375534534454, 0.99350875616074, 0, 0, 0, 0, 1, },
		{ 1, 0, 0, 0, 0, 0.98873460292816, 0.14967888593674, 0, 0, -0.14967888593674, 0.98873460292816, 0, 0, 0, 0, 1, },
		{ 1, 0, 0, 0, 0, 0.98204147815704, 0.18866494297981, 0, 0, -0.18866494297981, 0.98204147815704, 0, 0, 0, 0, 1, },
		{ 1, 0, 0, 0, 0, 0.97319102287292, 0.22999809682369, 0, 0, -0.22999809682369, 0.97319102287292, 0, 0, 0, 0, 1, },
		{ 1, 0, 0, 0, 0, 0.9620276093483, 0.27295196056366, 0, 0, -0.27295196056366, 0.9620276093483, 0, 0, 0, 0, 1, },
		{ 1, 0, 0, 0, 0, 0.94849270582199, 0.31679880619049, 0, 0, -0.31679880619049, 0.94849270582199, 0, 0, 0, 0, 1, },
		{ 1, 0, 0, 0, 0, 0.93263441324234, 0.36082252860069, 0, 0, -0.36082252860069, 0.93263441324234, 0, 0, 0, 0, 1, },
		{ 1, 0, 0, 0, 0, 0.91461223363876, 0.40433210134506, 0, 0, -0.40433210134506, 0.91461223363876, 0, 0, 0, 0, 1, },
		{ 1, 0, 0, 0, 0, 0.89469617605209, 0.44667503237724, 0, 0, -0.44667503237724, 0.89469617605209, 0, 0, 0, 0, 1, },
		{ 1, 0, 0, 0, 0, 0.87326240539551, 0.48725008964539, 0, 0, -0.48725008964539, 0.87326240539551, 0, 0, 0, 0, 1, },
		{ 1, 0, 0, 0, 0, 0.85078328847885, 0.5255166888237, 0, 0, -0.5255166888237, 0.85078328847885, 0, 0, 0, 0, 1, },
		{ 1, 0, 0, 0, 0, 0.82781451940536, 0.56100189685822, 0, 0, -0.56100189685822, 0.82781451940536, 0, 0, 0, 0, 1, },
		{ 1, 0, 0, 0, 0, 0.80497997999191, 0.59330195188522, 0, 0, -0.59330195188522, 0.80497997999191, 0, 0, 0, 0, 1, },
		{ 1, 0, 0, 0, 0, 0.78295397758484, 0.62207967042923, 0, 0, -0.62207967042923, 0.78295397758484, 0, 0, 0, 0, 1, },
		{ 1, 0, 0, 0, 0, 0.76244246959686, 0.64705592393875, 0, 0, -0.64705592393875, 0.76244246959686, 0, 0, 0, 0, 1, },
		{ 1, 0, 0, 0, 0, 0.74416422843933, 0.6679967045784, 0, 0, -0.6679967045784, 0.74416422843933, 0, 0, 0, 0, 1, },
		{ 1, 0, 0, 0, 0, 0.72883093357086, 0.68469369411469, 0, 0, -0.68469369411469, 0.72883093357086, 0, 0, 0, 0, 1, },
		{ 1, 0, 0, 0, 0, 0.71712869405746, 0.69694077968597, 0, 0, -0.69694077968597, 0.71712869405746, 0, 0, 0, 0, 1, },
		{ 1, 0, 0, 0, 0, 0.70969665050507, 0.70450741052628, 0, 0, -0.70450741052628, 0.70969665050507, 0, 0, 0, 0, 1, },
		{ 1, 0, 0, 0, 0, 0.70710676908493, 0.70710676908493, 0, 0, -0.70710676908493, 0.70710676908493, 0, 0, 0, 0, 1, },
	},
}
end
