function data()
return {
	times = { 0, 41.667, 83.333, 125, 166.667, 208.333, 250, 291.667, 333.333, 375, 416.667, 458.333, 500, 541.667, 583.333, 625, 666.667, 708.333, 750, 791.667, 833.333, 875, 916.667, 958.333, 1000, 1041.667, },
	transfs = {
		{ 1, 0, 0, 0, 0, 1, 0, 0, 0, 0, 1, 0, 0, 0, 0, 1, },
		{ 1, 0, 0, 0, 0, 0.99993914365768, 0.011032436043024, 0, 0, -0.011032436043024, 0.99993914365768, 0, 0, 0.0025515747256577, 0.0024652099236846, 1, },
		{ 1, 0, 0, 0, 0, 0.99909240007401, 0.042595997452736, 0, 0, -0.042595997452736, 0.99909240007401, 0, 0, 0.0051031494513154, 0.0049304198473692, 1, },
		{ 1, 0, 0, 0, 0, 0.99572986364365, 0.092314459383488, 0, 0, -0.092314459383488, 0.99572986364365, 0, 0, 0.011071929708123, 0.0073956297710538, 1, },
		{ 1, 0, 0, 0, 0, 0.98750275373459, 0.15760172903538, 0, 0, -0.15760172903538, 0.98750275373459, 0, 0, 0.018954314291477, 0.0098608396947384, 1, },
		{ 1, 0, 0, 0, 0, 0.97186499834061, 0.23553860187531, 0, 0, -0.23553860187531, 0.97186499834061, 0, 0, 0.028477171435952, 0.012325439602137, 1, },
		{ 1, 0, 0, 0, 0, 0.94646376371384, 0.32281014323235, 0, 0, -0.32281014323235, 0.94646376371384, 0, 0, 0.039366912096739, 0.014790649525821, 1, },
		{ 1, 0, 0, 0, 0, 0.90948528051376, 0.41573601961136, 0, 0, -0.41573601961136, 0.90948528051376, 0, 0, 0.051350098103285, 0.017255859449506, 1, },
		{ 1, 0, 0, 0, 0, 0.85993474721909, 0.51040399074554, 0, 0, -0.51040399074554, 0.85993474721909, 0, 0, 0.06415344029665, 0.019721068441868, 1, },
		{ 1, 0, 0, 0, 0, 0.79782193899155, 0.60289317369461, 0, 0, -0.60289317369461, 0.79782193899155, 0, 0, 0.07750365883112, 0.023866577073932, 1, },
		{ 1, 0, 0, 0, 0, 0.72423440217972, 0.68955385684967, 0, 0, -0.68955385684967, 0.72423440217972, 0, 0, 0.091127164661884, 0.028012694790959, 1, },
		{ 1, 0, 0, 0, 0, 0.64128583669662, 0.76730209589005, 0, 0, -0.76730209589005, 0.64128583669662, 0, 0, 0.10475067049265, 0.032158203423023, 1, },
		{ 1, 0, 0, 0, 0, 0.55195337533951, 0.83387494087219, 0, 0, -0.83387494087219, 0.55195337533951, 0, 0, 0.11810058355331, 0.036303710192442, 1, },
		{ 1, 0, 0, 0, 0, 0.45982864499092, 0.88800758123398, 0, 0, -0.88800758123398, 0.45982864499092, 0, 0, 0.13090422749519, 0.03956725820899, 1, },
		{ 1, 0, 0, 0, 0, 0.36882764101028, 0.92949771881104, 0, 0, -0.92949771881104, 0.36882764101028, 0, 0, 0.14288726449013, 0.042830809950829, 1, },
		{ 1, 0, 0, 0, 0, 0.28290644288063, 0.95914751291275, 0, 0, -0.95914751291275, 0.28290644288063, 0, 0, 0.15377715229988, 0.046093750745058, 1, },
		{ 1, 0, 0, 0, 0, 0.2058299779892, 0.97858774662018, 0, 0, -0.97858774662018, 0.2058299779892, 0, 0, 0.16329970955849, 0.049357298761606, 1, },
		{ 1, 0, 0, 0, 0, 0.14102472364902, 0.99000602960587, 0, 0, -0.99000602960587, 0.14102472364902, 0, 0, 0.17118239402771, 0.052620846778154, 1, },
		{ 1, 0, 0, 0, 0, 0.091530524194241, 0.9958022236824, 0, 0, -0.9958022236824, 0.091530524194241, 0, 0, 0.1771511733532, 0.053046263754368, 1, },
		{ 1, 0, 0, 0, 0, 0.060046497732401, 0.99819552898407, 0, 0, -0.99819552898407, 0.060046497732401, 0, 0, 0.17970275878906, 0.053471677005291, 1, },
		{ 1, 0, 0, 0, 0, 0.049030564725399, 0.99879729747772, 0, 0, -0.99879729747772, 0.049030564725399, 0, 0, 0.18225432932377, 0.053897093981504, 1, },
		{ 1, 0, 0, 0, 0, 0.079316340386868, 0.99684947729111, 0, 0, -0.99684947729111, 0.079316340386868, 0, 0, 0.17902037501335, 0.054322507232428, 1, },
		{ 1, 0, 0, 0, 0, 0.13534688949585, 0.99079823493958, 0, 0, -0.99079823493958, 0.13534688949585, 0, 0, 0.17578628659248, 0.05474853515625, 1, },
		{ 1, 0, 0, 0, 0, 0.16535070538521, 0.98623484373093, 0, 0, -0.98623484373093, 0.16535070538521, 0, 0, 0.17352248728275, 0.055173948407173, 1, },
		{ 1, 0, 0, 0, 0, 0.10737431049347, 0.99421858787537, 0, 0, -0.99421858787537, 0.10737431049347, 0, 0, 0.17788833379745, 0.055599365383387, 1, },
		{ 1, 0, 0, 0, 0, 0.049030564725399, 0.99879729747772, 0, 0, -0.99879729747772, 0.049030564725399, 0, 0, 0.18225432932377, 0.05602477863431, 1, },
	},
}
end
