function data()
return {
	times = { 0, 41.667, 83.333, 125, 166.667, 208.333, 250, 291.667, 333.333, 375, 416.667, 458.333, 500, 541.667, 583.333, 625, 666.667, 708.333, 750, 791.667, 833.333, 875, 916.667, 958.333, 1000, 1041.667, },
	transfs = {
		{ 1, 0, 0, 0, 0, 1, 0, 0, 0, 0, 1, 0, 0, 0, 0, 1, },
		{ 1, 3.021595919388e-27, 2.02228930396e-26, 0, -2.1160161484103e-27, 0.99850016832352, -0.054748006165028, 0, -2.5611298356605e-26, 0.054748013615608, 0.99850016832352, 0, 7.6293943607197e-08, -0.0074963378719985, -0.012703857384622, 1, },
		{ 1, 3.021595919388e-27, 2.02228930396e-26, 0, -1.4184327669736e-27, 0.99988466501236, 0.015183872543275, 0, -2.6445960957392e-26, -0.015183869749308, 0.99988466501236, 0, 7.6293943607197e-08, 0.00159820553381, -0.01129150390625, 1, },
		{ 1, 3.021595919388e-27, 2.02228930396e-26, 0, -9.7395694772102e-27, 0.99860346317291, 0.052830506116152, 0, 2.3172635016472e-26, -0.052830517292023, 0.99860346317291, 0, 7.6293943607197e-08, 0.0065911863930523, -0.0094995116814971, 1, },
		{ 1, 3.021595919388e-27, 2.02228930396e-26, 0, 1.1477412910636e-27, 0.99980401992798, -0.01979417912662, 0, -3.2504680798937e-26, 0.019794182851911, 0.99980401992798, 0, 7.6293943607197e-08, -0.0024310301523656, -0.0064080809243023, 1, },
		{ 1, 3.021595919388e-27, 2.02228930396e-26, 0, -1.1888129989821e-27, 0.99572986364365, -0.092314459383488, 0, 0, 0.092314459383488, 0.99572986364365, 0, 7.6293943607197e-08, -0.011452941223979, -0.0033160399179906, 1, },
		{ 1, 3.021595919388e-27, 2.02228930396e-26, 0, -1.2570629487933e-27, 0.99668771028519, -0.081323519349098, 0, 2.0435335438417e-26, 0.081323511898518, 0.99668771028519, 0, 7.6293943607197e-08, -0.0086990352720022, -0.001316528301686, 1, },
		{ 1, 3.021595919388e-27, 2.02228930396e-26, 0, -3.2160254806217e-27, 0.99875843524933, -0.049816567450762, 0, -2.8320661165258e-26, 0.049816567450762, 0.99875843524933, 0, 7.6293943607197e-08, -0.0059451293200254, 0.00068298337282613, 1, },
		{ 1, 3.021595919388e-27, 2.02228930396e-26, 0, 1.6588858909023e-27, 1, 4.2823522505842e-11, 0, 2.0344510122984e-26, -3.5431519940232e-09, 1, 0, 7.6293943607197e-08, 0.00021942138846498, 0.0023663330357522, 1, },
		{ 1, 3.021595919388e-27, 2.02228930396e-26, 0, -5.2371065716904e-27, 0.99783492088318, 0.065768010914326, 0, 3.9296689992717e-26, -0.065768018364906, 0.99783492088318, 0, 7.6293943607197e-08, 0.0082937618717551, 0.0038732909597456, 1, },
		{ 1, 3.021595919388e-27, 2.02228930396e-26, 0, 3.9973789183265e-27, 0.98945862054825, 0.14481571316719, 0, 2.7746000647708e-26, -0.14481571316719, 0.98945868015289, 0, 7.6293943607197e-08, 0.018146056681871, 0.0067449947819114, 1, },
		{ 1, 3.021595919388e-27, 2.02228930396e-26, 0, 2.8951087369534e-26, 0.97222226858139, 0.23405945301056, 0, -1.3541726506724e-26, -0.23405948281288, 0.97222226858139, 0, 7.6293943607197e-08, 0.029362486675382, 0.0094897458329797, 1, },
		{ 1, 3.021595919388e-27, 2.02228930396e-26, 0, -5.9548544396448e-27, 0.94398015737534, 0.33000212907791, 0, 3.295370289138e-26, -0.33000212907791, 0.94398015737534, 0, 7.6293943607197e-08, 0.041669920086861, 0.012133789248765, 1, },
		{ 1, 3.021595919388e-27, 2.02228930396e-26, 0, 4.0883178636266e-27, 0.90338039398193, 0.42884024977684, 0, 1.9647816521182e-26, -0.42884027957916, 0.90338039398193, 0, 7.6293943607197e-08, 0.054796446114779, 0.014700927771628, 1, },
		{ 1, 3.021595919388e-27, 2.02228930396e-26, 0, -5.1130135127697e-27, 0.8500708937645, 0.52666831016541, 0, 1.8012503242427e-26, -0.52666831016541, 0.8500708937645, 0, 7.6293943607197e-08, 0.068468324840069, 0.017218627035618, 1, },
		{ 1, 3.021595919388e-27, 2.02228930396e-26, 0, 4.6837411385724e-26, 0.78479760885239, 0.6197521686554, 0, 1.5014389031293e-27, -0.6197521686554, 0.78479760885239, 0, 7.6293943607197e-08, 0.082231745123863, 0.017751464620233, 1, },
		{ 1, 3.021595919388e-27, 2.02228930396e-26, 0, -1.7108219044523e-26, 0.70938050746918, 0.70482563972473, 0, -2.1190927059407e-26, -0.70482563972473, 0.70938050746918, 0, 7.6293943607197e-08, 0.095994867384434, 0.018284911289811, 1, },
		{ 1, 3.021595919388e-27, 2.02228930396e-26, 0, -1.8871367849266e-26, 0.62657499313354, 0.77936106920242, 0, -6.5675574662005e-27, -0.77936106920242, 0.62657511234283, 0, 7.6293943607197e-08, 0.10948516428471, 0.018842162564397, 1, },
		{ 1, 3.021595919388e-27, 2.02228930396e-26, 0, -5.9893241174919e-26, 0.53984105587006, 0.84176695346832, 0, -2.9264938839202e-27, -0.84176695346832, 0.53984105587006, 0, 7.6293943607197e-08, 0.12243010848761, 0.019451294094324, 1, },
		{ 1, 3.021595919388e-27, 2.02228930396e-26, 0, -2.4695695853604e-26, 0.45305880904198, 0.89148056507111, 0, -4.0133344775438e-27, -0.89148056507111, 0.45305877923965, 0, 7.6293943607197e-08, 0.13455627858639, 0.020135497674346, 1, },
		{ 1, 3.021595919388e-27, 2.02228930396e-26, 0, -2.7982040310576e-27, 0.37024158239365, 0.92893552780151, 0, -8.7422023887919e-28, -0.92893552780151, 0.37024158239365, 0, 7.6293943607197e-08, 0.14559112489223, 0.02092101983726, 1, },
		{ 1, 3.021595919388e-27, 2.02228930396e-26, 0, 2.7402294567601e-26, 0.2952888906002, 0.95540797710419, 0, 1.5104376759793e-26, -0.95540797710419, 0.2952888906002, 0, 7.6293943607197e-08, 0.15526153147221, 0.021833496168256, 1, },
		{ 1, 3.021595919388e-27, 2.02228930396e-26, 0, 5.8687919489639e-27, 0.23181442916393, 0.9727600812912, 0, 1.6579391037417e-27, -0.9727600812912, 0.23181442916393, 0, 7.6293943607197e-08, 0.16329498589039, 0.022897338494658, 1, },
		{ 1, 3.021595919388e-27, 2.02228930396e-26, 0, -1.3527889085259e-26, 0.18306663632393, 0.98310047388077, 0, 4.6675831833773e-28, -0.98310047388077, 0.18306663632393, 0, 7.6293943607197e-08, 0.16941833496094, 0.024138793349266, 1, },
		{ 1, 3.021595919388e-27, 2.02228930396e-26, 0, -9.7624233323022e-27, 0.15193799138069, 0.98839002847672, 0, -1.1172797238017e-27, -0.98839002847672, 0.15193799138069, 0, 7.6293943607197e-08, 0.1719903498888, 0.024176025763154, 1, },
		{ 1, 3.021595919388e-27, 2.02228930396e-26, 0, 3.2295980867188e-26, 0.14102463424206, 0.99000602960587, 0, -1.0985244402242e-27, -0.99000614881516, 0.14102463424206, 0, 7.6293943607197e-08, 0.17456237971783, 0.024213256314397, 1, },
	},
}
end
