function data()
return {
	times = { 0, 41.667, 83.333, 125, 166.667, 208.333, 250, 291.667, 333.333, 375, 416.667, 458.333, 500, 541.667, 583.333, 625, 666.667, 708.333, 750, 791.667, 833.333, 875, 916.667, 958.333, 1000, 1041.667, },
	transfs = {
		{ 1, 0, 0, 0, 0, 1, 0, 0, 0, 0, 1, 0, 0, 0, 0, 1, },
		{ 1, 0, 0, 0, 0, 0.99998956918716, 0.0045711030252278, 0, 0, -0.0045711030252278, 0.99998956918716, 0, 0, 0, 0, 1, },
		{ 1, 0, 0, 0, 0, 0.99984180927277, 0.017782596871257, 0, 0, -0.017782596871257, 0.99984180927277, 0, 0, 0, 0, 1, },
		{ 1, 0, 0, 0, 0, 0.99924403429031, 0.03887602686882, 0, 0, -0.03887602686882, 0.99924403429031, 0, 0, 0, 0, 1, },
		{ 1, 0, 0, 0, 0, 0.99774783849716, 0.067076176404953, 0, 0, -0.067076176404953, 0.99774783849716, 0, 0, 0, 0, 1, },
		{ 1, 0, 0, 0, 0, 0.99482750892639, 0.10157883912325, 0, 0, -0.10157883912325, 0.99482750892639, 0, 0, 0, 0, 1, },
		{ 1, 0, 0, 0, 0, 0.98993235826492, 0.14154088497162, 0, 0, -0.14154088497162, 0.98993235826492, 0, 0, 0, 0, 1, },
		{ 1, 0, 0, 0, 0, 0.98253560066223, 0.18607452511787, 0, 0, -0.18607452511787, 0.98253560066223, 0, 0, 0, 0, 1, },
		{ 1, 0, 0, 0, 0, 0.97217661142349, 0.23424886167049, 0, 0, -0.23424886167049, 0.97217661142349, 0, 0, 0, 0, 1, },
		{ 1, 0, 0, 0, 0, 0.95849865674973, 0.28509694337845, 0, 0, -0.28509694337845, 0.95849865674973, 0, 0, 0, 0, 1, },
		{ 1, 0, 0, 0, 0, 0.94127839803696, 0.33763137459755, 0, 0, -0.33763137459755, 0.94127839803696, 0, 0, 0, 0, 1, },
		{ 1, 0, 0, 0, 0, 0.92044854164124, 0.39086365699768, 0, 0, -0.39086365699768, 0.92044854164124, 0, 0, 0, 0, 1, },
		{ 1, 0, 0, 0, 0, 0.89611148834229, 0.44382894039154, 0, 0, -0.44382894039154, 0.89611148834229, 0, 0, 0, 0, 1, },
		{ 1, 0, 0, 0, 0, 0.86854350566864, 0.49561288952827, 0, 0, -0.49561288952827, 0.86854350566864, 0, 0, 0, 0, 1, },
		{ 1, 0, 0, 0, 0, 0.83819150924683, 0.54537600278854, 0, 0, -0.54537600278854, 0.83819150924683, 0, 0, 0, 0, 1, },
		{ 1, 0, 0, 0, 0, 0.80565977096558, 0.59237843751907, 0, 0, -0.59237843751907, 0.80565977096558, 0, 0, 0, 0, 1, },
		{ 1, 0, 0, 0, 0, 0.77169162034988, 0.63599687814713, 0, 0, -0.63599687814713, 0.77169162034988, 0, 0, 0, 0, 1, },
		{ 1, 0, 0, 0, 0, 0.73714447021484, 0.67573517560959, 0, 0, -0.67573517560959, 0.73714447021484, 0, 0, 0, 0, 1, },
		{ 1, 0, 0, 0, 0, 0.70296257734299, 0.71122676134109, 0, 0, -0.71122676134109, 0.70296257734299, 0, 0, 0, 0, 1, },
		{ 1, 0, 0, 0, 0, 0.67014700174332, 0.74222838878632, 0, 0, -0.74222838878632, 0.67014700174332, 0, 0, 0, 0, 1, },
		{ 1, 0, 0, 0, 0, 0.63972729444504, 0.76860195398331, 0, 0, -0.76860195398331, 0.63972729444504, 0, 0, 0, 0, 1, },
		{ 1, 0, 0, 0, 0, 0.61273413896561, 0.79028904438019, 0, 0, -0.79028904438019, 0.61273413896561, 0, 0, 0, 0, 1, },
		{ 1, 0, 0, 0, 0, 0.59017419815063, 0.80727589130402, 0, 0, -0.80727589130402, 0.59017419815063, 0, 0, 0, 0, 1, },
		{ 1, 0, 0, 0, 0, 0.57300895452499, 0.81954914331436, 0, 0, -0.81954914331436, 0.57300895452499, 0, 0, 0, 0, 1, },
		{ 1, 0, 0, 0, 0, 0.56213104724884, 0.82704818248749, 0, 0, -0.82704818248749, 0.56213104724884, 0, 0, 0, 0, 1, },
		{ 1, 0, 0, 0, 0, 0.55834448337555, 0.82960921525955, 0, 0, -0.82960921525955, 0.55834448337555, 0, 0, 0, 0, 1, },
	},
}
end
