function data()
return {
	times = { 0, 41.667, 83.333, 125, 166.667, 208.333, 250, 291.667, 333.333, 375, 416.667, 458.333, 500, 541.667, 583.333, 625, 666.667, 708.333, 750, 791.667, 833.333, 875, 916.667, 958.333, 1000, 1041.667, },
	transfs = {
		{ 1, 0, 0, 0, 0, 1, 0, 0, 0, 0, 1, 0, 0, 0, 0, 1, },
		{ 1, 0, 0, 0, 0, 0.99998956918716, 0.0045626405626535, 0, 0, -0.0045626405626535, 0.99998956918716, 0, 0, 0, 0, 1, },
		{ 1, 0, 0, 0, 0, 0.99984240531921, 0.017749682068825, 0, 0, -0.017749682068825, 0.99984240531921, 0, 0, 0, 0, 1, },
		{ 1, 0, 0, 0, 0, 0.99924683570862, 0.038804087787867, 0, 0, -0.038804087787867, 0.99924683570862, 0, 0, 0, 0, 1, },
		{ 1, 0, 0, 0, 0, 0.99775612354279, 0.06695219129324, 0, 0, -0.06695219129324, 0.99775612354279, 0, 0, 0, 0, 1, },
		{ 1, 0, 0, 0, 0, 0.99484658241272, 0.10139142721891, 0, 0, -0.10139142721891, 0.99484658241272, 0, 0, 0, 0, 1, },
		{ 1, 0, 0, 0, 0, 0.98996961116791, 0.14128059148788, 0, 0, -0.14128059148788, 0.98996961116791, 0, 0, 0, 0, 1, },
		{ 1, 0, 0, 0, 0, 0.98259997367859, 0.1857341080904, 0, 0, -0.1857341080904, 0.98259997367859, 0, 0, 0, 0, 1, },
		{ 1, 0, 0, 0, 0, 0.97227907180786, 0.23382322490215, 0, 0, -0.23382322490215, 0.97227907180786, 0, 0, 0, 0, 1, },
		{ 1, 0, 0, 0, 0, 0.95865112543106, 0.28458395600319, 0, 0, -0.28458395600319, 0.95865112543106, 0, 0, 0, 0, 1, },
		{ 1, 0, 0, 0, 0, 0.94149345159531, 0.33703115582466, 0, 0, -0.33703115582466, 0.94149345159531, 0, 0, 0, 0, 1, },
		{ 1, 0, 0, 0, 0, 0.92073893547058, 0.3901791870594, 0, 0, -0.3901791870594, 0.92073893547058, 0, 0, 0, 0, 1, },
		{ 1, 0, 0, 0, 0, 0.89648896455765, 0.44306597113609, 0, 0, -0.44306597113609, 0.89648896455765, 0, 0, 0, 0, 1, },
		{ 1, 0, 0, 0, 0, 0.86901897192001, 0.49477875232697, 0, 0, -0.49477875232697, 0.86901897192001, 0, 0, 0, 0, 1, },
		{ 1, 0, 0, 0, 0, 0.83877348899841, 0.54448044300079, 0, 0, -0.54448044300079, 0.83877348899841, 0, 0, 0, 0, 1, },
		{ 1, 0, 0, 0, 0, 0.80635446310043, 0.59143251180649, 0, 0, -0.59143251180649, 0.80635446310043, 0, 0, 0, 0, 1, },
		{ 1, 0, 0, 0, 0, 0.77250266075134, 0.63501155376434, 0, 0, -0.63501155376434, 0.77250266075134, 0, 0, 0, 0, 1, },
		{ 1, 0, 0, 0, 0, 0.73807197809219, 0.67472189664841, 0, 0, -0.67472189664841, 0.73807197809219, 0, 0, 0, 0, 1, },
		{ 1, 0, 0, 0, 0, 0.70400363206863, 0.71019625663757, 0, 0, -0.71019625663757, 0.70400363206863, 0, 0, 0, 0, 1, },
		{ 1, 0, 0, 0, 0, 0.67129564285278, 0.74118971824646, 0, 0, -0.74118971824646, 0.67129564285278, 0, 0, 0, 0, 1, },
		{ 1, 0, 0, 0, 0, 0.64097374677658, 0.76756274700165, 0, 0, -0.76756274700165, 0.64097374677658, 0, 0, 0, 0, 1, },
		{ 1, 0, 0, 0, 0, 0.61406660079956, 0.7892541885376, 0, 0, -0.7892541885376, 0.61406660079956, 0, 0, 0, 0, 1, },
		{ 1, 0, 0, 0, 0, 0.59157770872116, 0.80624800920486, 0, 0, -0.80624800920486, 0.59157770872116, 0, 0, 0, 0, 1, },
		{ 1, 0, 0, 0, 0, 0.57446527481079, 0.81852889060974, 0, 0, -0.81852889060974, 0.57446527481079, 0, 0, 0, 0, 1, },
		{ 1, 0, 0, 0, 0, 0.56362110376358, 0.82603341341019, 0, 0, -0.82603341341019, 0.56362110376358, 0, 0, 0, 0, 1, },
		{ 1, 0, 0, 0, 0, 0.55984628200531, 0.82859647274017, 0, 0, -0.82859647274017, 0.55984628200531, 0, 0, 0, 0, 1, },
	},
}
end
