function data()
return {
	times = { 0, 41.667, 83.333, 125, 166.667, 208.333, 250, 291.667, 333.333, 375, 416.667, 458.333, 500, 541.667, 583.333, 625, 666.667, 708.333, 750, 791.667, 833.333, 875, 916.667, 958.333, 1000, 1041.667, },
	transfs = {
		{ 1, 0, 0, 0, 0, 1, 0, 0, 0, 0, 1, 0, 0, 0, 0, 1, },
		{ 0.99997305870056, 0, 0.0073386952280998, 0, 0, 1, 0, 0, -0.0073386952280998, 0, 0.99997305870056, 0, 0, 0, 0, 1, },
		{ 0.99959242343903, 0, 0.02854692004621, 0, 0, 1, 0, 0, -0.02854692004621, 0, 0.99959242343903, 0, 0, 0, 0, 1, },
		{ 0.99805182218552, 0, 0.062389183789492, 0, 0, 1, 0, 0, -0.062389183789492, 0, 0.99805182218552, 0, 0, 0, 0, 1, },
		{ 0.99419850111008, 0, 0.10756070166826, 0, 0, 1, 0, 0, -0.10756070166826, 0, 0.99419850111008, 0, 0, 0, 0, 1, },
		{ 0.98668587207794, 0, 0.16263715922832, 0, 0, 1, 0, 0, -0.16263715922832, 0, 0.98668587207794, 0, 0, 0, 0, 1, },
		{ 0.9741193652153, 0, 0.22603389620781, 0, 0, 1, 0, 0, -0.22603389620781, 0, 0.9741193652153, 0, 0, 0, 0, 1, },
		{ 0.95519244670868, 0, 0.29598543047905, 0, 0, 1, 0, 0, -0.29598543047905, 0, 0.95519244670868, 0, 0, 0, 0, 1, },
		{ 0.92881107330322, 0, 0.37055349349976, 0, 0, 1, 0, 0, -0.37055349349976, 0, 0.92881107330322, 0, 0, 0, 0, 1, },
		{ 0.89420175552368, 0, 0.44766417145729, 0, 0, 1, 0, 0, -0.44766417145729, 0, 0.89420175552368, 0, 0, 0, 0, 1, },
		{ 0.85099452733994, 0, 0.52517455816269, 0, 0, 1, 0, 0, -0.52517455816269, 0, 0.85099452733994, 0, 0, 0, 0, 1, },
		{ 0.79927712678909, 0, 0.60096257925034, 0, 0, 1, 0, 0, -0.60096257925034, 0, 0.79927712678909, 0, 0, 0, 0, 1, },
		{ 0.7396143078804, 0, 0.67303097248077, 0, 0, 1, 0, 0, -0.67303097248077, 0, 0.7396143078804, 0, 0, 0, 0, 1, },
		{ 0.67303121089935, 0, 0.73961406946182, 0, 0, 1, 0, 0, -0.73961406946182, 0, 0.67303121089935, 0, 0, 0, 0, 1, },
		{ 0.60096287727356, 0, 0.79927694797516, 0, 0, 1, 0, 0, -0.79927694797516, 0, 0.60096287727356, 0, 0, 0, 0, 1, },
		{ 0.52517473697662, 0, 0.85099440813065, 0, 0, 1, 0, 0, -0.85099440813065, 0, 0.52517473697662, 0, 0, 0, 0, 1, },
		{ 0.44766440987587, 0, 0.89420163631439, 0, 0, 1, 0, 0, -0.89420163631439, 0, 0.44766440987587, 0, 0, 0, 0, 1, },
		{ 0.37055373191833, 0, 0.92881095409393, 0, 0, 1, 0, 0, -0.92881095409393, 0, 0.37055373191833, 0, 0, 0, 0, 1, },
		{ 0.29598578810692, 0, 0.95519226789474, 0, 0, 1, 0, 0, -0.95519226789474, 0, 0.29598578810692, 0, 0, 0, 0, 1, },
		{ 0.22603376209736, 0, 0.97411942481995, 0, 0, 1, 0, 0, -0.97411942481995, 0, 0.22603376209736, 0, 0, 0, 0, 1, },
		{ 0.16263704001904, 0, 0.98668599128723, 0, 0, 1, 0, 0, -0.98668599128723, 0, 0.16263704001904, 0, 0, 0, 0, 1, },
		{ 0.10756085067987, 0, 0.99419850111008, 0, 0, 1, 0, 0, -0.99419850111008, 0, 0.10756085067987, 0, 0, 0, 0, 1, },
		{ 0.0623894110322, 0, 0.99805182218552, 0, 0, 1, 0, 0, -0.99805182218552, 0, 0.0623894110322, 0, 0, 0, 0, 1, },
		{ 0.028547070920467, 0, 0.99959242343903, 0, 0, 1, 0, 0, -0.99959242343903, 0, 0.028547070920467, 0, 0, 0, 0, 1, },
		{ 0.0073390728794038, 0, 0.99997305870056, 0, 0, 1, 0, 0, -0.99997305870056, 0, 0.0073390728794038, 0, 0, 0, 0, 1, },
		{ -1.3315805347247e-07, 0, 1, 0, 0, 1, 0, 0, -1, 0, -1.3315805347247e-07, 0, 0, 0, 0, 1, },
	},
}
end
