function data()
return {
	times = { 0, 41.667, 83.333, 125, 166.667, 208.333, 250, 291.667, 333.333, 375, 416.667, 458.333, 500, 541.667, 583.333, 625, 666.667, 708.333, 750, 791.667, 833.333, 875, 916.667, 958.333, 1000, 1041.667, },
	transfs = {
		{ 1, 0, 0, 0, 0, 1, -1.862645149231e-09, 0, 0, 1.862645149231e-09, 1, 0, 0, 0, 0, 1, },
		{ 1, 0, 0, 0, 0, 0.99999940395355, 0.00098358280956745, 0, 0, -0.00098358280956745, 0.99999940395355, 0, 0, -0.0012530516833067, 0.00087493896717206, 1, },
		{ 1, 0, 0, 0, 0, 0.99999606609344, 0.0028102397918701, 0, 0, -0.0028102397918701, 0.99999606609344, 0, 0, -0.0025064086075872, 0.0017495726933703, 1, },
		{ 1, 0, 0, 0, 0, 0.99999278783798, 0.0037938244640827, 0, 0, -0.0037938244640827, 0.99999278783798, 0, 0, -0.0037591552827507, 0.00262451171875, 1, },
		{ 1, 0, 0, 0, 0, 0.99999839067459, 0.0018320139497519, 0, 0, -0.0018320139497519, 0.99999839067459, 0, 0, -0.0050122067332268, 0.0034994506277144, 1, },
		{ 1, 0, 0, 0, 0, 1, -0.00012979097664356, 0, 0, 0.00012979097664356, 1, 0, 0, -0.0062655638903379, 0.0043740845285356, 1, },
		{ 1, 0, 0, 0, 0, 0.99999976158142, 0.00057852827012539, 0, 0, -0.00057852827012539, 0.99999976158142, 0, 0, -0.0075183105655015, 0.0052493284456432, 1, },
		{ 1, 0, 0, 0, 0, 0.99999672174454, 0.0025720670819283, 0, 0, -0.0025720670819283, 0.99999672174454, 0, 0, -0.0087713617831469, 0.0061236568726599, 1, },
		{ 1, 0, 0, 0, 0, 0.9999840259552, 0.0056537352502346, 0, 0, -0.0056537352502346, 0.9999840259552, 0, 0, -0.010024718940258, 0.0069989012554288, 1, },
		{ 1, 0, 0, 0, 0, 0.99995368719101, 0.0096263643354177, 0, 0, -0.0096263643354177, 0.99995368719101, 0, 0, -0.01705657877028, 0.007976989261806, 1, },
		{ 1, 0, 0, 0, 0, 0.99989783763885, 0.014292743057013, 0, 0, -0.014292743057013, 0.99989783763885, 0, 0, -0.025320129469037, 0.013092651031911, 1, },
		{ 1, 0, 0, 0, 0, 0.99981063604355, 0.019458070397377, 0, 0, -0.019458070397377, 0.99981063604355, 0, 0, -0.034543454647064, 0.019707640632987, 1, },
		{ 1, 0, 0, 0, 0, 0.99968892335892, 0.024937480688095, 0, 0, -0.024937480688095, 0.99968892335892, 0, 0, -0.044400937855244, 0.027713928371668, 1, },
		{ 1, 0, 0, 0, 0, 0.99953329563141, 0.030548570677638, 0, 0, -0.030548570677638, 0.99953329563141, 0, 0, -0.054566647857428, 0.036952208727598, 1, },
		{ 1, 0, 0, 0, 0, 0.99934786558151, 0.036108996719122, 0, 0, -0.036108996719122, 0.99934786558151, 0, 0, -0.064714357256889, 0.047262571752071, 1, },
		{ 1, 0, 0, 0, 0, 0.99914109706879, 0.041436623781919, 0, 0, -0.041436623781919, 0.99914109706879, 0, 0, -0.074517518281937, 0.058486938476563, 1, },
		{ 1, 0, 0, 0, 0, 0.99892419576645, 0.046372674405575, 0, 0, -0.046372674405575, 0.99892419576645, 0, 0, -0.083687134087086, 0.070411987602711, 1, },
		{ 1, 0, 0, 0, 0, 0.99870616197586, 0.050851456820965, 0, 0, -0.050851456820965, 0.99870616197586, 0, 0, -0.092086181044579, 0.082615047693253, 1, },
		{ 1, 0, 0, 0, 0, 0.99849563837051, 0.054830599576235, 0, 0, -0.054830599576235, 0.99849563837051, 0, 0, -0.0996148660779, 0.094619750976563, 1, },
		{ 1, 0, 0, 0, 0, 0.99830096960068, 0.058267742395401, 0, 0, -0.058267742395401, 0.99830096960068, 0, 0, -0.10562774538994, 0.10593993961811, 1, },
		{ 1, 0, 0, 0, 0, 0.99813032150269, 0.06112065166235, 0, 0, -0.06112065166235, 0.99813032150269, 0, 0, -0.11166076362133, 0.11612914502621, 1, },
		{ 1, 0, 0, 0, 0, 0.99799066781998, 0.06336185336113, 0, 0, -0.06336185336113, 0.99799066781998, 0, 0, -0.11544463783503, 0.12473388761282, 1, },
		{ 1, 0, 0, 0, 0, 0.99788373708725, 0.065023466944695, 0, 0, -0.065023466944695, 0.99788373708725, 0, 0, -0.11925902962685, 0.13162659108639, 1, },
		{ 1, 0, 0, 0, 0, 0.99780941009521, 0.066152401268482, 0, 0, -0.066152401268482, 0.99780941009521, 0, 0, -0.12054961919785, 0.13569365441799, 1, },
		{ 1, 0, 0, 0, 0, 0.99776667356491, 0.066795453429222, 0, 0, -0.066795453429222, 0.99776667356491, 0, 0, -0.12184020876884, 0.13976104557514, 1, },
		{ 1, 0, 0, 0, 0, 0.99775296449661, 0.066999405622482, 0, 0, -0.066999405622482, 0.99775296449661, 0, 0, -0.12318389862776, 0.14083617925644, 1, },
	},
}
end
