function data()
return {
	times = { 0, 41.667, 83.333, 125, 166.667, 208.333, 250, 291.667, 333.333, 375, 416.667, 458.333, 500, 541.667, 583.333, 625, 666.667, 708.333, 750, 791.667, 833.333, 875, 916.667, 958.333, 1000, 1041.667, },
	transfs = {
		{ 1, 0, 0, 0, 0, 1, 0, 0, 0, 0, 1, 0, 0, 0, 0, 1, },
		{ 1, 0, 0, 0, 0, 0.99999970197678, 0.00069716456346214, 0, 0, -0.00069716456346214, 0.99999970197678, 0, 0, -0.0023854065220803, 0.0020724486093968, 1, },
		{ 1, 0, 0, 0, 0, 0.99999660253525, 0.0026129905600101, 0, 0, -0.0026129905600101, 0.99999660253525, 0, 0, -0.0047708130441606, 0.0041452026925981, 1, },
		{ 1, 0, 0, 0, 0, 0.99998497962952, 0.0054839630611241, 0, 0, -0.0054839630611241, 0.99998497962952, 0, 0, -0.010232390835881, 0.0062179565429688, 1, },
		{ 1, 0, 0, 0, 0, 0.99995899200439, 0.0090465359389782, 0, 0, -0.0090465359389782, 0.99995899200439, 0, 0, -0.017298888415098, 0.0082904053851962, 1, },
		{ 1, 0, 0, 0, 0, 0.99991494417191, 0.013037130236626, 0, 0, -0.013037130236626, 0.99991494417191, 0, 0, -0.025635832920671, 0.013944396749139, 1, },
		{ 1, 0, 0, 0, 0, 0.99985164403915, 0.017223069444299, 0, 0, -0.017223069444299, 0.99985164403915, 0, 0, -0.034911345690489, 0.0195980835706, 1, },
		{ 1, 0, 0, 0, 0, 0.99976891279221, 0.021495267748833, 0, 0, -0.021495267748833, 0.99976891279221, 0, 0, -0.044804684817791, 0.027131041511893, 1, },
		{ 1, 0, 0, 0, 0, 0.99966776371002, 0.025775557383895, 0, 0, -0.025775557383895, 0.99966776371002, 0, 0, -0.054997403174639, 0.035783689469099, 1, },
		{ 1, 0, 0, 0, 0, 0.99955034255981, 0.029985809698701, 0, 0, -0.029985809698701, 0.99955034255981, 0, 0, -0.065171353518963, 0.045448914170265, 1, },
		{ 1, 0, 0, 0, 0, 0.99942022562027, 0.034047916531563, 0, 0, -0.034047916531563, 0.99942022562027, 0, 0, -0.075008541345596, 0.056018982082605, 1, },
		{ 1, 0, 0, 0, 0, 0.99928200244904, 0.037887681275606, 0, 0, -0.037887681275606, 0.99928200244904, 0, 0, -0.084230348467827, 0.067337341606617, 1, },
		{ 1, 0, 0, 0, 0, 0.99914073944092, 0.041446343064308, 0, 0, -0.041446343064308, 0.99914073944092, 0, 0, -0.092718198895454, 0.079049378633499, 1, },
		{ 1, 0, 0, 0, 0, 0.99900186061859, 0.044669028371572, 0, 0, -0.044669028371572, 0.99900186061859, 0, 0, -0.10039275884628, 0.090751647949219, 1, },
		{ 1, 0, 0, 0, 0, 0.99887120723724, 0.047500912100077, 0, 0, -0.047500912100077, 0.99887120723724, 0, 0, -0.10717574506998, 0.10204070806503, 1, },
		{ 1, 0, 0, 0, 0, 0.998754799366, 0.049887202680111, 0, 0, -0.049887202680111, 0.998754799366, 0, 0, -0.11298751831055, 0.11251281201839, 1, },
		{ 1, 0, 0, 0, 0, 0.99865812063217, 0.051786977797747, 0, 0, -0.051786977797747, 0.99865812063217, 0, 0, -0.1177621409297, 0.12178009003401, 1, },
		{ 1, 0, 0, 0, 0, 0.9985830783844, 0.053214956074953, 0, 0, -0.053214956074953, 0.9985830783844, 0, 0, -0.12148254364729, 0.12952087819576, 1, },
		{ 1, 0, 0, 0, 0, 0.99853008985519, 0.054199665784836, 0, 0, -0.054199665784836, 0.99853008985519, 0, 0, -0.12361419200897, 0.13435943424702, 1, },
		{ 1, 0, 0, 0, 0, 0.99849903583527, 0.054769612848759, 0, 0, -0.054769612848759, 0.99849903583527, 0, 0, -0.12574584782124, 0.13919799029827, 1, },
		{ 1, 0, 0, 0, 0, 0.99848890304565, 0.054953269660473, 0, 0, -0.054953269660473, 0.99848890304565, 0, 0, -0.12583495676517, 0.13631622493267, 1, },
		{ 1, 0, 0, 0, 0, 0.99850797653198, 0.054606322199106, 0, 0, -0.054606322199106, 0.99850797653198, 0, 0, -0.1259239166975, 0.13343444466591, 1, },
		{ 1, 0, 0, 0, 0, 0.99852681159973, 0.054259400814772, 0, 0, -0.054259400814772, 0.99852681159973, 0, 0, -0.12601302564144, 0.13055266439915, 1, },
		{ 1, 0, 0, 0, 0, 0.99851554632187, 0.054467625916004, 0, 0, -0.054467625916004, 0.99851554632187, 0, 0, -0.12610213458538, 0.13406951725483, 1, },
		{ 1, 0, 0, 0, 0, 0.99849438667297, 0.054854333400726, 0, 0, -0.054854333400726, 0.99849438667297, 0, 0, -0.12619109451771, 0.13758605718613, 1, },
		{ 1, 0, 0, 0, 0, 0.99848282337189, 0.055062565952539, 0, 0, -0.055062565952539, 0.99848282337189, 0, 0, -0.12628020346165, 0.14004729688168, 1, },
	},
}
end
