function data()
return {
	times = { 0, 41.667, 83.333, 125, 166.667, 208.333, 250, 291.667, 333.333, 375, 416.667, 458.333, 500, 541.667, 583.333, 625, 666.667, 708.333, 750, 791.667, 833.333, 875, 916.667, 958.333, 1000, 1041.667, },
	transfs = {
		{ 1, 0, 0, 0, 0, 1, 0, 0, 0, 0, 1, 0, 0, 0, 0, 1, },
		{ 1, 0, 0, 0, 0, 0.99999922513962, 0.0012570989783853, 0, 0, -0.0012570989783853, 0.99999922513962, 0, 0, -0.0012533473782241, 0.0015658568590879, 1, },
		{ 1, 0, 0, 0, 0, 0.99998873472214, 0.0047461618669331, 0, 0, -0.0047461618669331, 0.99998873472214, 0, 0, -0.0048018074594438, 0.0031315612141043, 1, },
		{ 1, 0, 0, 0, 0, 0.99994957447052, 0.01004374679178, 0, 0, -0.01004374679178, 0.99994957447052, 0, 0, -0.010328054428101, 0.0046974183060229, 1, },
		{ 1, 0, 0, 0, 0, 0.99986010789871, 0.016726199537516, 0, 0, -0.016726199537516, 0.99986010789871, 0, 0, -0.017514742910862, 0.0087121576070786, 1, },
		{ 1, 0, 0, 0, 0, 0.99970299005508, 0.024369638413191, 0, 0, -0.024369638413191, 0.99970299005508, 0, 0, -0.026044558733702, 0.014176483266056, 1, },
		{ 1, 0, 0, 0, 0, 0.99946910142899, 0.032578907907009, 0, 0, -0.032578907907009, 0.99946910142899, 0, 0, -0.035592794418335, 0.021167602390051, 1, },
		{ 1, 0, 0, 0, 0, 0.99915611743927, 0.04107441008091, 0, 0, -0.04107441008091, 0.99915611743927, 0, 0, -0.045805368572474, 0.029527435079217, 1, },
		{ 1, 0, 0, 0, 0, 0.99876886606216, 0.04960560426116, 0, 0, -0.04960560426116, 0.99876886606216, 0, 0, -0.056320864707232, 0.039040829986334, 1, },
		{ 1, 0, 0, 0, 0, 0.99832105636597, 0.057922203093767, 0, 0, -0.057922203093767, 0.99832105636597, 0, 0, -0.066777884960175, 0.049490813165903, 1, },
		{ 1, 0, 0, 0, 0, 0.99783444404602, 0.065774485468864, 0, 0, -0.065774485468864, 0.99783444404602, 0, 0, -0.076814986765385, 0.060661163181067, 1, },
		{ 1, 0, 0, 0, 0, 0.99733537435532, 0.072952345013618, 0, 0, -0.072952345013618, 0.99733537435532, 0, 0, -0.086121506989002, 0.072311706840992, 1, },
		{ 1, 0, 0, 0, 0, 0.9968426823616, 0.079402275383472, 0, 0, -0.079402275383472, 0.9968426823616, 0, 0, -0.09458988904953, 0.08410369604826, 1, },
		{ 1, 0, 0, 0, 0, 0.9963715672493, 0.085110045969486, 0, 0, -0.085110045969486, 0.9963715672493, 0, 0, -0.10216335952282, 0.095675505697727, 1, },
		{ 1, 0, 0, 0, 0, 0.99593615531921, 0.0900614336133, 0, 0, -0.0900614336133, 0.99593615531921, 0, 0, -0.10878506302834, 0.10666397213936, 1, },
		{ 1, 0, 0, 0, 0, 0.99554926156998, 0.094242222607136, 0, 0, -0.094242222607136, 0.99554926156998, 0, 0, -0.11439825594425, 0.11670638620853, 1, },
		{ 1, 0, 0, 0, 0, 0.995221555233, 0.097642362117767, 0, 0, -0.097642362117767, 0.995221555233, 0, 0, -0.11895872652531, 0.12546204030514, 1, },
		{ 1, 0, 0, 0, 0, 0.99496042728424, 0.10026852786541, 0, 0, -0.10026852786541, 0.99496042728424, 0, 0, -0.12247283011675, 0.13267715275288, 1, },
		{ 1, 0, 0, 0, 0, 0.99477088451385, 0.10213140398264, 0, 0, -0.10213140398264, 0.99477088451385, 0, 0, -0.12495945394039, 0.13811874389648, 1, },
		{ 1, 0, 0, 0, 0, 0.9946563243866, 0.10324154049158, 0, 0, -0.10324154049158, 0.9946563243866, 0, 0, -0.12643750011921, 0.13873337209225, 1, },
		{ 1, 0, 0, 0, 0, 0.99461805820465, 0.10360934585333, 0, 0, -0.10360934585333, 0.99461805820465, 0, 0, -0.12692600488663, 0.13934798538685, 1, },
		{ 1, 0, 0, 0, 0, 0.99475628137589, 0.10227373242378, 0, 0, -0.10227373242378, 0.99475628137589, 0, 0, -0.12544248998165, 0.13996261358261, 1, },
		{ 1, 0, 0, 0, 0, 0.99489271640778, 0.1009379401803, 0, 0, -0.1009379401803, 0.99489271640778, 0, 0, -0.12395891547203, 0.14057739078999, 1, },
		{ 1, 0, 0, 0, 0, 0.99483996629715, 0.10145608335733, 0, 0, -0.10145608335733, 0.99483996629715, 0, 0, -0.12481366097927, 0.14119201898575, 1, },
		{ 1, 0, 0, 0, 0, 0.99474143981934, 0.10241824388504, 0, 0, -0.10241824388504, 0.99474143981934, 0, 0, -0.12640099227428, 0.14180663228035, 1, },
		{ 1, 0, 0, 0, 0, 0.99468797445297, 0.10293627530336, 0, 0, -0.10293627530336, 0.99468797445297, 0, 0, -0.1272557079792, 0.14242126047611, 1, },
	},
}
end
