function data()
return {
	times = { 0, 41.667, 83.333, 125, 166.667, 208.333, 250, 291.667, 333.333, 375, 416.667, 458.333, 500, 541.667, 583.333, 625, 666.667, 708.333, 750, 791.667, 833.333, 875, 916.667, 958.333, 1000, 1041.667, },
	transfs = {
		{ 1, 0, 0, 0, 0, 1, 0, 0, 0, 0, 1, 0, -1.8626450382087e-10, 1.9073485901799e-08, 0, 1, },
		{ 0.99999970197678, 0, -0.00073909759521484, 0, 0, 1, 0, 0, 0.00073909759521484, 0, 0.99999970197678, 0, 0.00080247863661498, 1.9073485901799e-08, 0.00073577876901254, 1, },
		{ 0.99999588727951, 0, -0.0028735343366861, 0, 0, 1, 0, 0, 0.0028735343366861, 0, 0.99999588727951, 0, 0.0030631539411843, 1.9073485901799e-08, 0.0014956664526835, 1, },
		{ 0.99998033046722, 0, -0.0062790270894766, 0, 0, 1, 0, 0, 0.0062790270894766, 0, 0.99998033046722, 0, 0.0065254736691713, 1.9073485901799e-08, 0.0022760010324419, 1, },
		{ 0.99994140863419, 0, -0.010831220075488, 0, 0, 1, 0, 0, 0.010831220075488, 0, 0.99994140863419, 0, 0.010932884179056, 1.9073485901799e-08, 0.0030725097749382, 1, },
		{ 0.99986547231674, 0, -0.016405615955591, 0, 0, 1, 0, 0, 0.016405615955591, 0, 0.99986547231674, 0, 0.01602884195745, 1.9073485901799e-08, 0.0038796996232122, 1, },
		{ 0.99973839521408, 0, -0.022876279428601, 0, 0, 1, 0, 0, 0.022876279428601, 0, 0.99973839521408, 0, 0.021602157503366, 1.9073485901799e-08, 0.0046957395970821, 1, },
		{ 0.99954670667648, 0, -0.030111851170659, 0, 0, 1, 0, 0, 0.030111851170659, 0, 0.99954670667648, 0, 0.027623232454062, 1.9073485901799e-08, 0.0055191037245095, 1, },
		{ 0.99927866458893, 0, -0.037979479879141, 0, 0, 1, 0, 0, 0.037979479879141, 0, 0.99927866458893, 0, 0.034107767045498, 1.9073485901799e-08, 0.0063500977121294, 1, },
		{ 0.99892550706863, 0, -0.046346236020327, 0, 0, 1, 0, 0, 0.046346236020327, 0, 0.99892550706863, 0, 0.04107154160738, 1.9073485901799e-08, 0.0071893311105669, 1, },
		{ 0.99848210811615, 0, -0.055079087615013, 0, 0, 1, 0, 0, 0.055079087615013, 0, 0.99848210811615, 0, 0.048530295491219, 1.9073485901799e-08, 0.0080368043854833, 1, },
		{ 0.99794894456863, 0, -0.064016669988632, 0, 0, 1, 0, 0, 0.064016669988632, 0, 0.99794894456863, 0, 0.05644053965807, 1.9073485901799e-08, 0.0088916011154652, 1, },
		{ 0.99734050035477, 0, -0.072884276509285, 0, 0, 1, 0, 0, 0.072884276509285, 0, 0.99734050035477, 0, 0.06445736438036, 1.9073485901799e-08, 0.013583373278379, 1, },
		{ 0.99668323993683, 0, -0.08137958496809, 0, 0, 1, 0, 0, 0.08137958496809, 0, 0.99668323993683, 0, 0.072305485606194, 1.9073485901799e-08, 0.01827148348093, 1, },
		{ 0.99601364135742, 0, -0.089201115071774, 0, 0, 1, 0, 0, 0.089201115071774, 0, 0.99601364135742, 0, 0.079626306891441, 1.9073485901799e-08, 0.024079894647002, 1, },
		{ 0.99537670612335, 0, -0.096048265695572, 0, 0, 1, 0, 0, 0.096048265695572, 0, 0.99537670612335, 0, 0.086087346076965, 1.9073485901799e-08, 0.030570983886719, 1, },
		{ 0.99481672048569, 0, -0.10168519616127, 0, 0, 1, 0, 0, 0.10168519616127, 0, 0.99481672048569, 0, 0.091434754431248, 1.9073485901799e-08, 0.037649840116501, 1, },
		{ 0.99435216188431, 0, -0.10613107681274, 0, 0, 1, 0, 0, 0.10613107681274, 0, 0.99435216188431, 0, 0.095755182206631, 1.9073485901799e-08, 0.04503570497036, 1, },
		{ 0.99399036169052, 0, -0.10946850478649, 0, 0, 1, 0, 0, 0.10946850478649, 0, 0.99399036169052, 0, 0.099220357835293, 1.9073485901799e-08, 0.052399899810553, 1, },
		{ 0.99373310804367, 0, -0.11177971959114, 0, 0, 1, 0, 0, 0.11177971959114, 0, 0.99373310804367, 0, 0.10200207680464, 1.9073485901799e-08, 0.059413146227598, 1, },
		{ 0.99357843399048, 0, -0.11314658075571, 0, 0, 1, 0, 0, 0.11314658075571, 0, 0.99357843399048, 0, 0.10428019613028, 1.9073485901799e-08, 0.065268859267235, 1, },
		{ 0.99349272251129, 0, -0.11389628052711, 0, 0, 1, 0, 0, 0.11389628052711, 0, 0.99349272251129, 0, 0.10616869479418, 1.9073485901799e-08, 0.071117550134659, 1, },
		{ 0.99344050884247, 0, -0.1143509298563, 0, 0, 1, 0, 0, 0.1143509298563, 0, 0.99344050884247, 0, 0.10770508646965, 1.9073485901799e-08, 0.074844665825367, 1, },
		{ 0.99342203140259, 0, -0.11451068520546, 0, 0, 1, 0, 0, 0.11451068520546, 0, 0.99342203140259, 0, 0.10882300138474, 1.9073485901799e-08, 0.078564755618572, 1, },
		{ 0.993403673172, 0, -0.11467041820288, 0, 0, 1, 0, 0, 0.11467041820288, 0, 0.993403673172, 0, 0.10953198373318, 1.9073485901799e-08, 0.079870298504829, 1, },
		{ 0.99340218305588, 0, -0.1146827340126, 0, 0, 1, 0, 0, 0.1146827340126, 0, 0.99340218305588, 0, 0.10976066440344, 1.9073485901799e-08, 0.081166990101337, 1, },
	},
}
end
