function data()
return {
	times = { 0, 41.667, 83.333, 125, 166.667, 208.333, 250, 291.667, 333.333, 375, 416.667, 458.333, 500, 541.667, 583.333, 625, 666.667, 708.333, 750, 791.667, 833.333, 875, 916.667, 958.333, 1000, 1041.667, },
	transfs = {
		{ 1, 0, 0, 0, 0, 1, 0, 0, 0, 0, 1, 0, 0, 0, 0, 1, },
		{ 1, 0, 0, 0, 0, 0.99999922513962, 0.0012671747244895, 0, 0, -0.0012671747244895, 0.99999922513962, 0, 0, -0.0027473450172693, 0.00081604003207758, 1, },
		{ 1, 0, 0, 0, 0, 0.99999344348907, 0.0036204925272614, 0, 0, -0.0036204925272614, 0.99999344348907, 0, 0, -0.0054946900345385, 0.0016317748231813, 1, },
		{ 1, 0, 0, 0, 0, 0.99998807907104, 0.0048876549117267, 0, 0, -0.0048876549117267, 0.99998807907104, 0, 0, -0.0036631773691624, 0.0024478149134666, 1, },
		{ 1, 0, 0, 0, 0, 0.99999409914017, 0.0034109954722226, 0, 0, -0.0034109954722226, 0.99999409914017, 0, 0, -0.0018315124325454, 0.0032638548873365, 1, },
		{ 1, 0, 0, 0, 0, 0.99999809265137, 0.0019343281164765, 0, 0, -0.0019343281164765, 0.99999809265137, 0, 0, 0, 0.0040795896202326, 1, },
		{ 1, 0, 0, 0, 0, 0.99999690055847, 0.0024771974422038, 0, 0, -0.0024771974422038, 0.99999690055847, 0, 0, -0.0024325561244041, 0.0048956298269331, 1, },
		{ 1, 0, 0, 0, 0, 0.99999195337296, 0.0040090130642056, 0, 0, -0.0040090130642056, 0.99999195337296, 0, 0, -0.0048651122488081, 0.0057116695679724, 1, },
		{ 1, 0, 0, 0, 0, 0.99997955560684, 0.0063845785334706, 0, 0, -0.0063845785334706, 0.99997955560684, 0, 0, -0.010429382324219, 0.0065274047665298, 1, },
		{ 1, 0, 0, 0, 0, 0.99995517730713, 0.0094586722552776, 0, 0, -0.0094586722552776, 0.99995517730713, 0, 0, -0.017622528597713, 0.0073434445075691, 1, },
		{ 1, 0, 0, 0, 0, 0.99991428852081, 0.01308604516089, 0, 0, -0.01308604516089, 0.99991428852081, 0, 0, -0.026099547743797, 0.013174743391573, 1, },
		{ 1, 0, 0, 0, 0, 0.99985337257385, 0.017121469601989, 0, 0, -0.017121469601989, 0.99985337257385, 0, 0, -0.03551971539855, 0.019006347283721, 1, },
		{ 1, 0, 0, 0, 0, 0.99977058172226, 0.021419914439321, 0, 0, -0.021419914439321, 0.99977058172226, 0, 0, -0.045554503798485, 0.027106016874313, 1, },
		{ 1, 0, 0, 0, 0, 0.99966609477997, 0.025836424902081, 0, 0, -0.025836424902081, 0.99966609477997, 0, 0, -0.055879514664412, 0.036416318267584, 1, },
		{ 1, 0, 0, 0, 0, 0.99954307079315, 0.03022606484592, 0, 0, -0.03022606484592, 0.99954307079315, 0, 0, -0.066169887781143, 0.046694029122591, 1, },
		{ 1, 0, 0, 0, 0, 0.99940663576126, 0.034443955868483, 0, 0, -0.034443955868483, 0.99940663576126, 0, 0, -0.076100923120975, 0.057693786919117, 1, },
		{ 1, 0, 0, 0, 0, 0.99926376342773, 0.038363866508007, 0, 0, -0.038363866508007, 0.99926376342773, 0, 0, -0.085387878119946, 0.069155268371105, 1, },
		{ 1, 0, 0, 0, 0, 0.99912041425705, 0.041933666914701, 0, 0, -0.041933666914701, 0.99912041425705, 0, 0, -0.093906857073307, 0.080751642584801, 1, },
		{ 1, 0, 0, 0, 0, 0.99898159503937, 0.045119788497686, 0, 0, -0.045119788497686, 0.99898159503937, 0, 0, -0.1015734821558, 0.092138975858688, 1, },
		{ 1, 0, 0, 0, 0, 0.99885267019272, 0.047888685017824, 0, 0, -0.047888685017824, 0.99885267019272, 0, 0, -0.10830398648977, 0.10297454893589, 1, },
		{ 1, 0, 0, 0, 0, 0.99873876571655, 0.05020684748888, 0, 0, -0.05020684748888, 0.99873876571655, 0, 0, -0.1140139773488, 0.1129150390625, 1, },
		{ 1, 0, 0, 0, 0, 0.99864435195923, 0.052050851285458, 0, 0, -0.052050851285458, 0.99864435195923, 0, 0, -0.11863829940557, 0.12163116037846, 1, },
		{ 1, 0, 0, 0, 0, 0.99857115745544, 0.053437799215317, 0, 0, -0.053437799215317, 0.99857115745544, 0, 0, -0.12218627333641, 0.1288540661335, 1, },
		{ 1, 0, 0, 0, 0, 0.99851948022842, 0.054394867271185, 0, 0, -0.054394867271185, 0.99851948022842, 0, 0, -0.12417556345463, 0.13332733511925, 1, },
		{ 1, 0, 0, 0, 0, 0.99848908185959, 0.054949231445789, 0, 0, -0.054949231445789, 0.99848908185959, 0, 0, -0.12616485357285, 0.13780058920383, 1, },
		{ 1, 0, 0, 0, 0, 0.99847930669785, 0.055127993226051, 0, 0, -0.055127993226051, 0.99847930669785, 0, 0, -0.12665176391602, 0.13901427388191, 1, },
	},
}
end
