function data()
return {
	times = { 0, 41.667, 83.333, 125, 166.667, 208.333, 250, 291.667, 333.333, 375, 416.667, 458.333, 500, 541.667, 583.333, 625, 666.667, 708.333, 750, 791.667, 833.333, 875, 916.667, 958.333, 1000, 1041.667, },
	transfs = {
		{ 1, 0, 0, 0, 0, 1, 0, 0, 0, 0, 1, 0, 0, 0, 0, 1, },
		{ 1, 0, 0, 0, 0, 1, 0, 0, 0, 0, 1, 0, 0, 0.001240634941496, -0.004304199013859, 1, },
		{ 1, 0, 0, 0, 0, 1, 0, 0, 0, 0, 1, 0, 0, 0.0035446737892926, -0.0086087035015225, 1, },
		{ 1, 0, 0, 0, 0, 1, 0, 0, 0, 0, 1, 0, 0, 0.0047853467985988, -0.0057391356676817, 1, },
		{ 1, 0, 0, 0, 0, 1, 0, 0, 0, 0, 1, 0, 0, 0.0023926733992994, -0.0028695678338408, 1, },
		{ 1, 0, 0, 0, 0, 1, 0, 0, 0, 0, 1, 0, 0, 0, 0, 1, },
		{ 1, 0, 0, 0, 0, 1, -0.00010578787623672, 0, 0, 0.00010578787623672, 1, 0, 0, 0.0005961226997897, -0.0037759398110211, 1, },
		{ 1, 0, 0, 0, 0, 0.99999988079071, -0.00047471321886405, 0, 0, 0.00047471321886405, 0.99999988079071, 0, 0, 0.0023899269290268, -0.0075518796220422, 1, },
		{ 1, 0, 0, 0, 0, 0.99999922513962, -0.0011841179803014, 0, 0, 0.0011841179803014, 0.99999922513962, 0, 0, 0.0053896713070571, -0.011327819898725, 1, },
		{ 1, 0, 0, 0, 0, 0.99999725818634, -0.0023113435599953, 0, 0, 0.0023113435599953, 0.99999725818634, 0, 0, 0.0096035003662109, -0.019257200881839, 1, },
		{ 1, 0, 0, 0, 0, 0.99999225139618, -0.0039337268099189, 0, 0, 0.0039337268099189, 0.99999225139618, 0, 0, 0.015039653517306, -0.028712157160044, 1, },
		{ 1, 0, 0, 0, 0, 0.99998134374619, -0.0061081424355507, 0, 0, 0.0061081424355507, 0.99998134374619, 0, 0, 0.021695384755731, -0.039347838610411, 1, },
		{ 1, 0, 0, 0, 0, 0.99996113777161, -0.0088096372783184, 0, 0, 0.0088096372783184, 0.99996113777161, 0, 0, 0.029524192214012, -0.050759274512529, 1, },
		{ 1, 0, 0, 0, 0, 0.99992805719376, -0.011992778629065, 0, 0, 0.011992778629065, 0.99992805719376, 0, 0, 0.038468703627586, -0.062526546418667, 1, },
		{ 1, 0, 0, 0, 0, 0.99987804889679, -0.01561211515218, 0, 0, 0.01561211515218, 0.99987804889679, 0, 0, 0.048471432179213, -0.074231259524822, 1, },
		{ 1, 0, 0, 0, 0, 0.99980747699738, -0.019622150808573, 0, 0, 0.019622150808573, 0.99980747699738, 0, 0, 0.059474982321262, -0.085452571511269, 1, },
		{ 1, 0, 0, 0, 0, 0.99971294403076, -0.023955732584, 0, 0, 0.023955732584, 0.99971294403076, 0, 0, 0.071353584527969, -0.095831908285618, 1, },
		{ 1, 0, 0, 0, 0, 0.99959492683411, -0.028459029272199, 0, 0, 0.028459029272199, 0.99959492683411, 0, 0, 0.083707958459854, -0.10525023937225, 1, },
		{ 1, 0, 0, 0, 0, 0.99945676326752, -0.032956667244434, 0, 0, 0.032956667244434, 0.99945676326752, 0, 0, 0.096070557832718, -0.11364898085594, 1, },
		{ 1, 0, 0, 0, 0, 0.99930512905121, -0.037273287773132, 0, 0, 0.037273287773132, 0.99930512905121, 0, 0, 0.10797376185656, -0.1204009950161, 1, },
		{ 1, 0, 0, 0, 0, 0.9991495013237, -0.041233714669943, 0, 0, 0.041233714669943, 0.9991495013237, 0, 0, 0.11894997209311, -0.12715332210064, 1, },
		{ 1, 0, 0, 0, 0, 0.99900138378143, -0.044677797704935, 0, 0, 0.044677797704935, 0.99900138378143, 0, 0, 0.12856441736221, -0.1315740942955, 1, },
		{ 1, 0, 0, 0, 0, 0.99887090921402, -0.047505188733339, 0, 0, 0.047505188733339, 0.99887090921402, 0, 0, 0.13651356101036, -0.13599517941475, 1, },
		{ 1, 0, 0, 0, 0, 0.99876767396927, -0.049630492925644, 0, 0, 0.049630492925644, 0.99876767396927, 0, 0, 0.1425266712904, -0.13760527968407, 1, },
		{ 1, 0, 0, 0, 0, 0.99870020151138, -0.05096834525466, 0, 0, 0.05096834525466, 0.99870020151138, 0, 0, 0.14633306860924, -0.13921569287777, 1, },
		{ 1, 0, 0, 0, 0, 0.99867635965347, -0.051433306187391, 0, 0, 0.051433306187391, 0.99867635965347, 0, 0, 0.14766202867031, -0.14082580804825, 1, },
	},
}
end
