function data()
return {
	times = { 0, 41.667, 83.333, 125, 166.667, 208.333, 250, 291.667, 333.333, 375, 416.667, 458.333, 500, 541.667, 583.333, 625, 666.667, 708.333, 750, 791.667, 833.333, 875, 916.667, 958.333, 1000, 1041.667, },
	transfs = {
		{ 1, 0, 0, 0, 0, 1, 0, 0, 0, 0, 1, 0, 0, 0, 0, 1, },
		{ 1, 0, 0, 0, 0, 0.99998593330383, 0.0052994536235929, 0, 0, -0.0052994536235929, 0.99998593330383, 0, 0, -0.0042354487814009, 0.0024038695264608, 1, },
		{ 1, 0, 0, 0, 0, 0.99994379281998, 0.010598758235574, 0, 0, -0.010598758235574, 0.99994379281998, 0, 0, -0.0084708975628018, 0.0048077390529215, 1, },
		{ 1, 0, 0, 0, 0, 0.99996912479401, 0.0078509971499443, 0, 0, -0.0078509971499443, 0.99996912479401, 0, 0, -0.0062747285701334, 0.0032051084563136, 1, },
		{ 1, 0, 0, 0, 0, 0.99999624490738, 0.0027478735428303, 0, 0, -0.0027478735428303, 0.99999624490738, 0, 0, -0.002196149667725, 0.0016026305966079, 1, },
		{ 1, 0, 0, 0, 0, 1, 0, 0, 0, 0, 1, 0, 0, 0, 0, 1, },
		{ 1, 0, 0, 0, 0, 0.99999874830246, 0.00153385149315, 0, 0, -0.00153385149315, 0.99999874830246, 0, 0, -0.0014443015679717, 0.0020074462518096, 1, },
		{ 1, 0, 0, 0, 0, 0.99998378753662, 0.0056970817968249, 0, 0, -0.0056970817968249, 0.99998378753662, 0, 0, -0.0054593277163804, 0.0040150452405214, 1, },
		{ 1, 0, 0, 0, 0, 0.99993002414703, 0.011832062155008, 0, 0, -0.011832062155008, 0.99993002414703, 0, 0, -0.011568173766136, 0.006022491492331, 1, },
		{ 1, 0, 0, 0, 0, 0.99981409311295, 0.019280901178718, 0, 0, -0.019280901178718, 0.99981409311295, 0, 0, -0.019294023513794, 0.01062850933522, 1, },
		{ 1, 0, 0, 0, 0, 0.99962490797043, 0.027385510504246, 0, 0, -0.027385510504246, 0.99962490797043, 0, 0, -0.028160009533167, 0.016484068706632, 1, },
		{ 1, 0, 0, 0, 0, 0.99936670064926, 0.035583719611168, 0, 0, -0.035583719611168, 0.99936670064926, 0, 0, -0.037725124508142, 0.023543395102024, 1, },
		{ 1, 0, 0, 0, 0, 0.99904483556747, 0.043696731328964, 0, 0, -0.043696731328964, 0.99904483556747, 0, 0, -0.047691725194454, 0.031691741198301, 1, },
		{ 1, 0, 0, 0, 0, 0.99866569042206, 0.051641669124365, 0, 0, -0.051641669124365, 0.99866569042206, 0, 0, -0.057798080146313, 0.040797729045153, 1, },
		{ 1, 0, 0, 0, 0, 0.99823808670044, 0.059335853904486, 0, 0, -0.059335853904486, 0.99823808670044, 0, 0, -0.067782364785671, 0.050729978829622, 1, },
		{ 1, 0, 0, 0, 0, 0.99777328968048, 0.066696800291538, 0, 0, -0.066696800291538, 0.99777328968048, 0, 0, -0.077382788062096, 0.06135680899024, 1, },
		{ 1, 0, 0, 0, 0, 0.99728488922119, 0.073638886213303, 0, 0, -0.073638886213303, 0.99728488922119, 0, 0, -0.086369663476944, 0.072512812912464, 1, },
		{ 1, 0, 0, 0, 0, 0.9967896938324, 0.080063380300999, 0, 0, -0.080063380300999, 0.9967896938324, 0, 0, -0.094641454517841, 0.083897858858109, 1, },
		{ 1, 0, 0, 0, 0, 0.99630641937256, 0.085868485271931, 0, 0, -0.085868485271931, 0.99630641937256, 0, 0, -0.10212867707014, 0.09517578035593, 1, },
		{ 1, 0, 0, 0, 0, 0.99585521221161, 0.090952627360821, 0, 0, -0.090952627360821, 0.99585521221161, 0, 0, -0.10876187682152, 0.10601333528757, 1, },
		{ 1, 0, 0, 0, 0, 0.99545681476593, 0.095214389264584, 0, 0, -0.095214389264584, 0.99545681476593, 0, 0, -0.11447158455849, 0.11607436835766, 1, },
		{ 1, 0, 0, 0, 0, 0.99512904882431, 0.09858014434576, 0, 0, -0.09858014434576, 0.99512904882431, 0, 0, -0.11919642984867, 0.12502746284008, 1, },
		{ 1, 0, 0, 0, 0, 0.99487763643265, 0.10108657926321, 0, 0, -0.10108657926321, 0.99487763643265, 0, 0, -0.12290751934052, 0.13254882395267, 1, },
		{ 1, 0, 0, 0, 0, 0.99470221996307, 0.10279789566994, 0, 0, -0.10279789566994, 0.99470221996307, 0, 0, -0.12558411061764, 0.13831833004951, 1, },
		{ 1, 0, 0, 0, 0, 0.99460047483444, 0.10377795249224, 0, 0, -0.10377795249224, 0.99460047483444, 0, 0, -0.1272052526474, 0.14081847667694, 1, },
		{ 1, 0, 0, 0, 0, 0.99456775188446, 0.10409055650234, 0, 0, -0.10409055650234, 0.99456775188446, 0, 0, -0.12775027751923, 0.14331863820553, 1, },
	},
}
end
