function data()
return {
	times = { 0, 41.667, 83.333, 125, 166.667, 208.333, 250, 291.667, 333.333, 375, 416.667, 458.333, 500, 541.667, 583.333, 625, 666.667, 708.333, 750, 791.667, 833.333, 875, 916.667, 958.333, 1000, 1041.667, },
	transfs = {
		{ 1, 0, 0, 0, 0, 1, 0, 0, 0, 0, 1, 0, 0, 0, 0, 1, },
		{ 1, 0, 0, 0, 0, 1, -0.00013591449533124, 0, 0, 0.00013591449533124, 1, 0, 0, 0.00063377380138263, -0.0038012694567442, 1, },
		{ 1, 0, 0, 0, 0, 0.99999976158142, -0.00058411969803274, 0, 0, 0.00058411969803274, 0.99999976158142, 0, 0, 0.0025247954763472, -0.0076022339053452, 1, },
		{ 1, 0, 0, 0, 0, 0.99999892711639, -0.0014053070917726, 0, 0, 0.0014053070917726, 0.99999892711639, 0, 0, 0.0056575583294034, -0.011403502896428, 1, },
		{ 1, 0, 0, 0, 0, 0.99999642372131, -0.0026601678691804, 0, 0, 0.0026601678691804, 0.99999642372131, 0, 0, 0.010016632266343, -0.019324645400047, 1, },
		{ 1, 0, 0, 0, 0, 0.9999902844429, -0.0044093877077103, 0, 0, 0.0044093877077103, 0.9999902844429, 0, 0, 0.015586527995765, -0.028712157160044, 1, },
		{ 1, 0, 0, 0, 0, 0.99997752904892, -0.0066942675039172, 0, 0, 0.0066942675039172, 0.99997752904892, 0, 0, 0.022342434152961, -0.039205014705658, 1, },
		{ 1, 0, 0, 0, 0, 0.99995499849319, -0.0094785867258906, 0, 0, 0.0094785867258906, 0.99995499849319, 0, 0, 0.030221939086914, -0.050419311970472, 1, },
		{ 1, 0, 0, 0, 0, 0.99991923570633, -0.012706729583442, 0, 0, 0.012706729583442, 0.99991923570633, 0, 0, 0.039153404533863, -0.061965636909008, 1, },
		{ 1, 0, 0, 0, 0, 0.99986678361893, -0.016323061659932, 0, 0, 0.016323061659932, 0.99986678361893, 0, 0, 0.049065016210079, -0.073454588651657, 1, },
		{ 1, 0, 0, 0, 0, 0.99979442358017, -0.020271914079785, 0, 0, 0.020271914079785, 0.99979442358017, 0, 0, 0.059885136783123, -0.084495544433594, 1, },
		{ 1, 0, 0, 0, 0, 0.99970018863678, -0.024484502151608, 0, 0, 0.024484502151608, 0.99970018863678, 0, 0, 0.071486204862595, -0.094755858182907, 1, },
		{ 1, 0, 0, 0, 0, 0.99958407878876, -0.028839571401477, 0, 0, 0.028839571401477, 0.99958407878876, 0, 0, 0.083517625927925, -0.10412475466728, 1, },
		{ 1, 0, 0, 0, 0, 0.99944865703583, -0.033202808350325, 0, 0, 0.033202808350325, 0.99944865703583, 0, 0, 0.095572926104069, -0.11254699528217, 1, },
		{ 1, 0, 0, 0, 0, 0.99929887056351, -0.037439983338118, 0, 0, 0.037439983338118, 0.99929887056351, 0, 0, 0.10724572092295, -0.11943999677896, 1, },
		{ 1, 0, 0, 0, 0, 0.99914193153381, -0.041416898369789, 0, 0, 0.041416898369789, 0.99914193153381, 0, 0, 0.118129581213, -0.12633299827576, 1, },
		{ 1, 0, 0, 0, 0, 0.99898707866669, -0.044997412711382, 0, 0, 0.044997412711382, 0.99898707866669, 0, 0, 0.12782746553421, -0.13102661073208, 1, },
		{ 1, 0, 0, 0, 0, 0.99884551763535, -0.048037115484476, 0, 0, 0.048037115484476, 0.99884551763535, 0, 0, 0.13597981631756, -0.13572020828724, 1, },
		{ 1, 0, 0, 0, 0, 0.9987296462059, -0.05038957297802, 0, 0, 0.05038957297802, 0.9987296462059, 0, 0, 0.14223645627499, -0.13628996908665, 1, },
		{ 1, 0, 0, 0, 0, 0.99865180253983, -0.05190846323967, 0, 0, 0.05190846323967, 0.99865180253983, 0, 0, 0.14624723792076, -0.13685974478722, 1, },
		{ 1, 0, 0, 0, 0, 0.99862366914749, -0.05244729667902, 0, 0, 0.05244729667902, 0.99862366914749, 0, 0, 0.14766198396683, -0.13742980360985, 1, },
		{ 1, 0, 0, 0, 0, 0.99871063232422, -0.050764407962561, 0, 0, 0.050764407962561, 0.99871063232422, 0, 0, 0.14298298954964, -0.13799956440926, 1, },
		{ 1, 0, 0, 0, 0, 0.99886459112167, -0.047638680785894, 0, 0, 0.047638680785894, 0.99886459112167, 0, 0, 0.13429340720177, -0.13856934010983, 1, },
		{ 1, 0, 0, 0, 0, 0.99894350767136, -0.045955397188663, 0, 0, 0.045955397188663, 0.99894350767136, 0, 0, 0.12961441278458, -0.13913939893246, 1, },
		{ 1, 0, 0, 0, 0, 0.99878245592117, -0.049330916255713, 0, 0, 0.049330916255713, 0.99878245592117, 0, 0, 0.13863821327686, -0.13970915973186, 1, },
		{ 1, 0, 0, 0, 0, 0.99861007928848, -0.052705895155668, 0, 0, 0.052705895155668, 0.99861007928848, 0, 0, 0.14766198396683, -0.14027892053127, 1, },
	},
}
end
