function data()
return {
	times = { 0, 41.667, 83.333, 125, 166.667, 208.333, 250, 291.667, 333.333, 375, 416.667, 458.333, 500, 541.667, 583.333, 625, 666.667, 708.333, 750, 791.667, 833.333, 875, 916.667, 958.333, 1000, 1041.667, },
	transfs = {
		{ 1, 0, 0, 0, 0, 1, 0, 0, 0, 0, 1, 0, 0, 0, 0, 1, },
		{ 1, 0, 0, 0, 0, 0.99999940395355, 0.0010454276343808, 0, 0, -0.0010454276343808, 0.99999940395355, 0, 0, -0.0064373780041933, 0.0026260374579579, 1, },
		{ 1, 0, 0, 0, 0, 0.99999290704727, 0.0037500038743019, 0, 0, -0.0037500038743019, 0.99999290704727, 0, 0, -0.012875366024673, 0.0052517699077725, 1, },
		{ 1, 0, 0, 0, 0, 0.9999720454216, 0.0074661360122263, 0, 0, -0.0074661360122263, 0.9999720454216, 0, 0, -0.025989988818765, 0.0078778071328998, 1, },
		{ 1, 0, 0, 0, 0, 0.99993300437927, 0.01156797632575, 0, 0, -0.01156797632575, 0.99993300437927, 0, 0, -0.040907591581345, 0.010503539815545, 1, },
		{ 1, 0, 0, 0, 0, 0.99987953901291, 0.015516811981797, 0, 0, -0.015516811981797, 0.99987953901291, 0, 0, -0.055642087012529, 0.013129577040672, 1, },
		{ 1, 0, 0, 0, 0, 0.99982124567032, 0.018907077610493, 0, 0, -0.018907077610493, 0.99982124567032, 0, 0, -0.068609617650509, 0.020875854417682, 1, },
		{ 1, 0, 0, 0, 0, 0.99976277351379, 0.021778389811516, 0, 0, -0.021778389811516, 0.99976277351379, 0, 0, -0.079182736575603, 0.02862243540585, 1, },
		{ 1, 0, 0, 0, 0, 0.9997051358223, 0.024281611666083, 0, 0, -0.024281611666083, 0.9997051358223, 0, 0, -0.089755244553089, 0.038264770060778, 1, },
		{ 1, 0, 0, 0, 0, 0.99964702129364, 0.026567591354251, 0, 0, -0.026567591354251, 0.99964702129364, 0, 0, -0.098568111658096, 0.048752743750811, 1, },
		{ 1, 0, 0, 0, 0, 0.99958550930023, 0.028787154704332, 0, 0, -0.028787154704332, 0.99958550930023, 0, 0, -0.1073809787631, 0.059774778783321, 1, },
		{ 1, 0, 0, 0, 0, 0.99951791763306, 0.031047707423568, 0, 0, -0.031047707423568, 0.99951791763306, 0, 0, -0.11570739746094, 0.07103119045496, 1, },
		{ 1, 0, 0, 0, 0, 0.99944591522217, 0.033283147960901, 0, 0, -0.033283147960901, 0.99944591522217, 0, 0, -0.1240344196558, 0.082281187176704, 1, },
		{ 1, 0, 0, 0, 0, 0.99937373399734, 0.03538403660059, 0, 0, -0.03538403660059, 0.99937373399734, 0, 0, -0.13136658072472, 0.093297116458416, 1, },
		{ 1, 0, 0, 0, 0, 0.9993063211441, 0.037240959703922, 0, 0, -0.037240959703922, 0.9993063211441, 0, 0, -0.13869872689247, 0.10385040193796, 1, },
		{ 1, 0, 0, 0, 0, 0.99924916028976, 0.038744546473026, 0, 0, -0.038744546473026, 0.99924916028976, 0, 0, -0.14352478086948, 0.11324096471071, 1, },
		{ 1, 0, 0, 0, 0, 0.99920696020126, 0.039817292243242, 0, 0, -0.039817292243242, 0.99920696020126, 0, 0, -0.14835143089294, 0.12263183295727, 1, },
		{ 1, 0, 0, 0, 0, 0.9991791844368, 0.040509212762117, 0, 0, -0.040509212762117, 0.9991791844368, 0, 0, -0.15317748486996, 0.12939819693565, 1, },
		{ 1, 0, 0, 0, 0, 0.99916309118271, 0.040902137756348, 0, 0, -0.040902137756348, 0.99916309118271, 0, 0, -0.15383361279964, 0.13616424798965, 1, },
		{ 1, 0, 0, 0, 0, 0.99915593862534, 0.041077889502048, 0, 0, -0.041077889502048, 0.99915593862534, 0, 0, -0.15448912978172, 0.13703033328056, 1, },
		{ 1, 0, 0, 0, 0, 0.99915426969528, 0.041118297725916, 0, 0, -0.041118297725916, 0.99915426969528, 0, 0, -0.15514525771141, 0.13789641857147, 1, },
		{ 1, 0, 0, 0, 0, 0.99916189908981, 0.04093349352479, 0, 0, -0.04093349352479, 0.99916189908981, 0, 0, -0.1558013856411, 0.13876250386238, 1, },
		{ 1, 0, 0, 0, 0, 0.99916011095047, 0.04097544029355, 0, 0, -0.04097544029355, 0.99916011095047, 0, 0, -0.15645690262318, 0.13962829113007, 1, },
		{ 1, 0, 0, 0, 0, 0.99917536973953, 0.04060323536396, 0, 0, -0.04060323536396, 0.99917536973953, 0, 0, -0.15711303055286, 0.14049437642097, 1, },
		{ 1, 0, 0, 0, 0, 0.99916225671768, 0.040922984480858, 0, 0, -0.040922984480858, 0.99916225671768, 0, 0, -0.15776854753494, 0.14136047661304, 1, },
		{ 1, 0, 0, 0, 0, 0.99912017583847, 0.041938491165638, 0, 0, -0.041938491165638, 0.99912017583847, 0, 0, -0.15842467546463, 0.14222656190395, 1, },
	},
}
end
