function data()
return {
	times = { 0, 41.667, 83.333, 125, 166.667, 208.333, 250, 291.667, 333.333, 375, 416.667, 458.333, 500, 541.667, 583.333, 625, 666.667, 708.333, 750, 791.667, 833.333, 875, 916.667, 958.333, 1000, 1041.667, },
	transfs = {
		{ 1, 0, 0, 0, 0, 1, 3.7252902984619e-09, 0, 0, -3.7252902984619e-09, 1, 0, 7.6293943607197e-08, 0, 0, 1, },
		{ 1, 0, 0, 0, 0, 0.99999970197678, 0.00072802224894986, 0, 0, -0.00072802224894986, 0.99999970197678, 0, 7.6293943607197e-08, -0.0034768676850945, 0.0018215941963717, 1, },
		{ 1, 0, 0, 0, 0, 0.99999624490738, 0.0027698334306479, 0, 0, -0.0027698334306479, 0.99999624490738, 0, 7.6293943607197e-08, -0.0069540403783321, 0.0036425781436265, 1, },
		{ 1, 0, 0, 0, 0, 0.99998265504837, 0.0059120338410139, 0, 0, -0.0059120338410139, 0.99998265504837, 0, 7.6293943607197e-08, -0.010430907830596, 0.0054635619744658, 1, },
		{ 1, 0, 0, 0, 0, 0.99995070695877, 0.009941166266799, 0, 0, -0.009941166266799, 0.99995070695877, 0, 7.6293943607197e-08, -0.017585754394531, 0.0073480224236846, 1, },
		{ 1, 0, 0, 0, 0, 0.99989277124405, 0.014643725939095, 0, 0, -0.014643725939095, 0.99989277124405, 0, 7.6293943607197e-08, -0.025903319939971, 0.012314758263528, 1, },
		{ 1, 0, 0, 0, 0, 0.99980372190475, 0.019813857972622, 0, 0, -0.019813857972622, 0.99980372190475, 0, 7.6293943607197e-08, -0.035050354897976, 0.018865967169404, 1, },
		{ 1, 0, 0, 0, 0, 0.999680519104, 0.025276493281126, 0, 0, -0.025276493281126, 0.999680519104, 0, 7.6293943607197e-08, -0.044730834662914, 0.026862181723118, 1, },
		{ 1, 0, 0, 0, 0, 0.9995236992836, 0.030864305794239, 0, 0, -0.030864305794239, 0.9995236992836, 0, 7.6293943607197e-08, -0.054667662829161, 0.036097716540098, 1, },
		{ 1, 0, 0, 0, 0, 0.99933707714081, 0.036410018801689, 0, 0, -0.036410018801689, 0.99933707714081, 0, 7.6293943607197e-08, -0.064580991864204, 0.046365354210138, 1, },
		{ 1, 0, 0, 0, 0, 0.9991283416748, 0.041746485978365, 0, 0, -0.041746485978365, 0.9991283416748, 0, 7.6293943607197e-08, -0.074192501604557, 0.057458188384771, 1, },
		{ 1, 0, 0, 0, 0, 0.99890780448914, 0.046726815402508, 0, 0, -0.046726815402508, 0.99890780448914, 0, 7.6293943607197e-08, -0.083252564072609, 0.069140926003456, 1, },
		{ 1, 0, 0, 0, 0, 0.99868410825729, 0.051284737884998, 0, 0, -0.051284737884998, 0.99868410825729, 0, 7.6293943607197e-08, -0.091627806425095, 0.081053465604782, 1, },
		{ 1, 0, 0, 0, 0, 0.99846571683884, 0.055374082177877, 0, 0, -0.055374082177877, 0.99846571683884, 0, 7.6293943607197e-08, -0.099213868379593, 0.092807613313198, 1, },
		{ 1, 0, 0, 0, 0, 0.99826109409332, 0.058948788791895, 0, 0, -0.058948788791895, 0.99826109409332, 0, 7.6293943607197e-08, -0.10539794713259, 0.10400573164225, 1, },
		{ 1, 0, 0, 0, 0, 0.99807858467102, 0.061962880194187, 0, 0, -0.061962880194187, 0.99807858467102, 0, 7.6293943607197e-08, -0.11159820109606, 0.11428558081388, 1, },
		{ 1, 0, 0, 0, 0, 0.9979253411293, 0.064382173120975, 0, 0, -0.064382173120975, 0.9979253411293, 0, 7.6293943607197e-08, -0.11565887182951, 0.12324706465006, 1, },
		{ 1, 0, 0, 0, 0, 0.99780511856079, 0.066220127046108, 0, 0, -0.066220127046108, 0.99780511856079, 0, 7.6293943607197e-08, -0.11974669992924, 0.13065886497498, 1, },
		{ 1, 0, 0, 0, 0, 0.99771928787231, 0.067501850426197, 0, 0, -0.067501850426197, 0.99771928787231, 0, 7.6293943607197e-08, -0.12024719268084, 0.13519378006458, 1, },
		{ 1, 0, 0, 0, 0, 0.99766820669174, 0.068252488970757, 0, 0, -0.068252488970757, 0.99766820669174, 0, 7.6293943607197e-08, -0.12074798345566, 0.1397293061018, 1, },
		{ 1, 0, 0, 0, 0, 0.99765133857727, 0.068497180938721, 0, 0, -0.068497180938721, 0.99765133857727, 0, 7.6293943607197e-08, -0.12136718630791, 0.13737793266773, 1, },
		{ 1, 0, 0, 0, 0, 0.99773126840591, 0.067322462797165, 0, 0, -0.067322462797165, 0.99773126840591, 0, 7.6293943607197e-08, -0.12198547273874, 0.1350265443325, 1, },
		{ 1, 0, 0, 0, 0, 0.99780994653702, 0.066147655248642, 0, 0, -0.066147655248642, 0.99780994653702, 0, 7.6293943607197e-08, -0.12260437011719, 0.13267546892166, 1, },
		{ 1, 0, 0, 0, 0, 0.99776816368103, 0.066775366663933, 0, 0, -0.066775366663933, 0.99776816368103, 0, 7.6293943607197e-08, -0.12313018739223, 0.13576202094555, 1, },
		{ 1, 0, 0, 0, 0, 0.99768936634064, 0.067941054701805, 0, 0, -0.067941054701805, 0.99768936634064, 0, 7.6293943607197e-08, -0.12365569919348, 0.13884857296944, 1, },
		{ 1, 0, 0, 0, 0, 0.99764651060104, 0.06856869161129, 0, 0, -0.06856869161129, 0.99764651060104, 0, 7.6293943607197e-08, -0.12419677525759, 0.14101226627827, 1, },
	},
}
end
