function data()
return {
	times = { 0, 41.667, 83.333, 125, 166.667, 208.333, 250, 291.667, 333.333, 375, 416.667, 458.333, 500, 541.667, 583.333, 625, 666.667, 708.333, 750, 791.667, 833.333, 875, 916.667, 958.333, 1000, 1041.667, },
	transfs = {
		{ 1, 0, 0, 0, 0, 1, 0, 0, 0, 0, 1, 0, 0, 0, 0, 1, },
		{ 1, 0, 0, 0, 0, 0.99999892711639, 0.0014133200747892, 0, 0, -0.0014133200747892, 0.99999892711639, 0, 0, -0.0067852782085538, 0.001101074158214, 1, },
		{ 1, 0, 0, 0, 0, 0.99999177455902, 0.0040380479767919, 0, 0, -0.0040380479767919, 0.99999177455902, 0, 0, -0.013571166433394, 0.0022021483164281, 1, },
		{ 1, 0, 0, 0, 0, 0.99998515844345, 0.0054513523355126, 0, 0, -0.0054513523355126, 0.99998515844345, 0, 0, -0.015623779036105, 0.0033032225910574, 1, },
		{ 1, 0, 0, 0, 0, 0.99998891353607, 0.004705018363893, 0, 0, -0.004705018363893, 0.99998891353607, 0, 0, -0.017675781622529, 0.0044042966328561, 1, },
		{ 1, 0, 0, 0, 0, 0.99999213218689, 0.0039586811326444, 0, 0, -0.0039586811326444, 0.99999213218689, 0, 0, -0.019728392362595, 0.0055053709074855, 1, },
		{ 1, 0, 0, 0, 0, 0.99999111890793, 0.0042116320692003, 0, 0, -0.0042116320692003, 0.99999111890793, 0, 0, -0.021781004965305, 0.0066064451821148, 1, },
		{ 1, 0, 0, 0, 0, 0.99998766183853, 0.004951786249876, 0, 0, -0.004951786249876, 0.99998766183853, 0, 0, -0.023833617568016, 0.0077075194567442, 1, },
		{ 1, 0, 0, 0, 0, 0.99998104572296, 0.0061510801315308, 0, 0, -0.0061510801315308, 0.99998104572296, 0, 0, -0.025885619223118, 0.0088085932657123, 1, },
		{ 1, 0, 0, 0, 0, 0.99996972084045, 0.0077814511023462, 0, 0, -0.0077814511023462, 0.99996972084045, 0, 0, -0.027938231825829, 0.0099096680060029, 1, },
		{ 1, 0, 0, 0, 0, 0.99995183944702, 0.0098148277029395, 0, 0, -0.0098148277029395, 0.99995183944702, 0, 0, -0.036662597209215, 0.01605224609375, 1, },
		{ 1, 0, 0, 0, 0, 0.99992549419403, 0.012206394225359, 0, 0, -0.012206394225359, 0.99992549419403, 0, 0, -0.045386962592602, 0.02219451777637, 1, },
		{ 1, 0, 0, 0, 0, 0.99988979101181, 0.014844332821667, 0, 0, -0.014844332821667, 0.99988979101181, 0, 0, -0.05549743399024, 0.030686950311065, 1, },
		{ 1, 0, 0, 0, 0, 0.99984508752823, 0.017600113525987, 0, 0, -0.017600113525987, 0.99984508752823, 0, 0, -0.065607905387878, 0.039179380983114, 1, },
		{ 1, 0, 0, 0, 0, 0.99979293346405, 0.020345203578472, 0, 0, -0.020345203578472, 0.99979293346405, 0, 0, -0.075706176459789, 0.049061886966228, 1, },
		{ 1, 0, 0, 0, 0, 0.99973660707474, 0.022951103746891, 0, 0, -0.022951103746891, 0.99973660707474, 0, 0, -0.085803829133511, 0.059665221720934, 1, },
		{ 1, 0, 0, 0, 0, 0.99967950582504, 0.025312343612313, 0, 0, -0.025312343612313, 0.99967950582504, 0, 0, -0.094658814370632, 0.070806577801704, 1, },
		{ 1, 0, 0, 0, 0, 0.9996240735054, 0.027415439486504, 0, 0, -0.027415439486504, 0.9996240735054, 0, 0, -0.10351379215717, 0.082189328968525, 1, },
		{ 1, 0, 0, 0, 0, 0.99957156181335, 0.029269920662045, 0, 0, -0.029269920662045, 0.99957156181335, 0, 0, -0.11058593541384, 0.093487851321697, 1, },
		{ 1, 0, 0, 0, 0, 0.99952286481857, 0.030885320156813, 0, 0, -0.030885320156813, 0.99952286481857, 0, 0, -0.1176580786705, 0.1043759137392, 1, },
		{ 1, 0, 0, 0, 0, 0.99947917461395, 0.032271139323711, 0, 0, -0.032271139323711, 0.99947917461395, 0, 0, -0.12204100936651, 0.11452727764845, 1, },
		{ 1, 0, 0, 0, 0, 0.99944090843201, 0.033432997763157, 0, 0, -0.033432997763157, 0.99944090843201, 0, 0, -0.12642334401608, 0.12290801852942, 1, },
		{ 1, 0, 0, 0, 0, 0.99940949678421, 0.034360885620117, 0, 0, -0.034360885620117, 0.99940949678421, 0, 0, -0.13080626726151, 0.1312887519598, 1, },
		{ 1, 0, 0, 0, 0, 0.99938583374023, 0.035040911287069, 0, 0, -0.035040911287069, 0.99938583374023, 0, 0, -0.13212768733501, 0.13497710227966, 1, },
		{ 1, 0, 0, 0, 0, 0.99937105178833, 0.035459134727716, 0, 0, -0.035459134727716, 0.99937105178833, 0, 0, -0.13344909250736, 0.13866576552391, 1, },
		{ 1, 0, 0, 0, 0, 0.99936604499817, 0.035601630806923, 0, 0, -0.035601630806923, 0.99936604499817, 0, 0, -0.13477049767971, 0.14235411584377, 1, },
	},
}
end
